=== ADS8688 History Data (Sample Count: 10752) ===
Index,CH0(V),CH1(V),CH2(V),CH3(V),CH4(V),CH5(V),CH6(V),CH7(V)
0,0.0000,2.5564,-10.2400,-0.0150,-10.2400,-0.0147,-10.2400,-0.0153
1,0.0000,2.5564,-10.2400,-0.0144,-10.2400,-0.0150,-10.2400,-0.0150
2,0.0000,2.5566,-10.2400,-0.0147,-10.2400,-0.0138,-10.2400,-0.0144
3,0.0000,2.5563,-10.2400,-0.0141,-10.2400,-0.0144,-10.2400,-0.0141
4,0.0000,2.5564,-10.2400,-0.0147,-10.2400,-0.0153,-10.2400,-0.0144
5,0.0000,2.5563,-10.2400,-0.0150,-10.2400,-0.0147,-10.2400,-0.0141
6,0.0000,2.5565,-10.2400,-0.0141,-10.2400,-0.0150,-10.2400,-0.0147
7,0.0000,2.5564,-10.2400,-0.0153,-10.2400,-0.0150,-10.2400,-0.0147
8,0.0000,2.5564,-10.2400,-0.0141,-10.2400,-0.0144,-10.2400,-0.0138
9,0.0000,2.5564,-10.2400,-0.0153,-10.2400,-0.0144,-10.2400,-0.0147
10,0.0000,2.5564,-10.2400,-0.0138,-10.2400,-0.0150,-10.2400,-0.0150
11,0.0000,2.5564,-10.2400,-0.0147,-10.2400,-0.0156,-10.2400,-0.0141
12,0.0000,2.5564,-10.2400,-0.0144,-10.2400,-0.0141,-10.2400,-0.0144
13,0.0000,2.5564,-10.2400,-0.0150,-10.2400,-0.0147,-10.2400,-0.0138
14,0.0000,2.5566,-10.2400,-0.0144,-10.2400,-0.0150,-10.2400,-0.0153
15,0.0000,2.5566,-10.2400,-0.0147,-10.2400,-0.0147,-10.2400,-0.0141
16,0.0000,2.5564,-10.2400,-0.0138,-10.2400,-0.0147,-10.2400,-0.0141
17,0.0000,2.5565,-10.2400,-0.0144,-10.2400,-0.0147,-10.2400,-0.0147
18,0.0000,2.5565,-10.2400,-0.0150,-10.2400,-0.0147,-10.2400,-0.0144
19,0.0000,2.5563,-10.2400,-0.0144,-10.2400,-0.0144,-10.2400,-0.0144
20,0.0000,2.5565,-10.2400,-0.0150,-10.2400,-0.0144,-10.2400,-0.0147
21,0.0000,2.5562,-10.2400,-0.0141,-10.2400,-0.0144,-10.2400,-0.0150
22,0.0000,2.5564,-10.2400,-0.0147,-10.2400,-0.0141,-10.2400,-0.0144
23,0.0000,2.5564,-10.2400,-0.0144,-10.2400,-0.0138,-10.2400,-0.0144
24,0.0000,2.5565,-10.2400,-0.0144,-10.2400,-0.0144,-10.2400,-0.0150
25,0.0000,2.5563,-10.2400,-0.0141,-10.2400,-0.0153,-10.2400,-0.0141
26,0.0000,2.5565,-10.2400,-0.0150,-10.2400,-0.0141,-10.2400,-0.0153
27,0.0000,2.5564,-10.2400,-0.0150,-10.2400,-0.0147,-10.2400,-0.0144
28,0.0000,2.5566,-10.2400,-0.0141,-10.2400,-0.0147,-10.2400,-0.0147
29,0.0000,2.5563,-10.2400,-0.0153,-10.2400,-0.0150,-10.2400,-0.0150
30,0.0000,2.5564,-10.2400,-0.0153,-10.2400,-0.0147,-10.2400,-0.0147
31,0.0000,2.5566,-10.2400,-0.0141,-10.2400,-0.0153,-10.2400,-0.0144
32,0.0000,2.5564,-10.2400,-0.0147,-10.2400,-0.0150,-10.2400,-0.0147
33,0.0000,2.5562,-10.2400,-0.0147,-10.2400,-0.0150,-10.2400,-0.0150
34,0.0000,2.5564,-10.2400,-0.0147,-10.2400,-0.0138,-10.2400,-0.0150
35,0.0000,2.5564,-10.2400,-0.0144,-10.2400,-0.0144,-10.2400,-0.0150
36,0.0000,2.5564,-10.2400,-0.0138,-10.2400,-0.0147,-10.2400,-0.0141
37,0.0000,2.5564,-10.2400,-0.0144,-10.2400,-0.0147,-10.2400,-0.0144
38,0.0000,2.5563,-10.2400,-0.0138,-10.2400,-0.0153,-10.2400,-0.0147
39,0.0000,2.5564,-10.2400,-0.0138,-10.2400,-0.0153,-10.2400,-0.0144
40,0.0000,2.5564,-10.2400,-0.0147,-10.2400,-0.0153,-10.2400,-0.0144
41,0.0000,2.5562,-10.2400,-0.0147,-10.2400,-0.0144,-10.2400,-0.0144
42,0.0000,2.5563,-10.2400,-0.0150,-10.2400,-0.0150,-10.2400,-0.0150
43,0.0000,2.5562,-10.2400,-0.0147,-10.2400,-0.0144,-10.2400,-0.0144
44,0.0000,2.5564,-10.2400,-0.0138,-10.2400,-0.0144,-10.2400,-0.0150
45,0.0000,2.5564,-10.2400,-0.0144,-10.2400,-0.0150,-10.2400,-0.0150
46,0.0000,2.5564,-10.2400,-0.0147,-10.2400,-0.0141,-10.2400,-0.0144
47,0.0000,2.5565,-10.2400,-0.0147,-10.2400,-0.0144,-10.2400,-0.0144
48,0.0000,2.5564,-10.2400,-0.0147,-10.2400,-0.0141,-10.2400,-0.0144
49,0.0000,2.5564,-10.2400,-0.0147,-10.2400,-0.0150,-10.2400,-0.0144
50,0.0000,2.5567,-10.2400,-0.0147,-10.2400,-0.0153,-10.2400,-0.0144
51,0.0000,2.5563,-10.2400,-0.0147,-10.2400,-0.0144,-10.2400,-0.0144
52,0.0000,2.5563,-10.2400,-0.0144,-10.2400,-0.0153,-10.2400,-0.0147
53,0.0000,2.5564,-10.2400,-0.0144,-10.2400,-0.0150,-10.2400,-0.0150
54,0.0000,2.5564,-10.2400,-0.0150,-10.2400,-0.0144,-10.2400,-0.0141
55,0.0000,2.5565,-10.2400,-0.0147,-10.2400,-0.0147,-10.2400,-0.0147
56,0.0000,2.5565,-10.2400,-0.0141,-10.2400,-0.0141,-10.2400,-0.0150
57,0.0000,2.5564,-10.2400,-0.0147,-10.2400,-0.0147,-10.2400,-0.0147
58,0.0000,2.5562,-10.2400,-0.0153,-10.2400,-0.0144,-10.2400,-0.0147
59,0.0000,2.5564,-10.2400,-0.0141,-10.2400,-0.0153,-10.2400,-0.0150
60,0.0000,2.5564,-10.2400,-0.0150,-10.2400,-0.0147,-10.2400,-0.0144
61,0.0000,2.5564,-10.2400,-0.0138,-10.2400,-0.0147,-10.2400,-0.0144
62,0.0000,2.5564,-10.2400,-0.0147,-10.2400,-0.0141,-10.2400,-0.0141
63,0.0000,2.5564,-10.2400,-0.0144,-10.2400,-0.0150,-10.2400,-0.0134
64,0.0000,2.5564,-10.2400,-0.0141,-10.2400,-0.0138,-10.2400,-0.0141
65,0.0000,2.5565,-10.2400,-0.0144,-10.2400,-0.0147,-10.2400,-0.0150
66,0.0000,2.5564,-10.2400,-0.0141,-10.2400,-0.0141,-10.2400,-0.0141
67,0.0000,2.5564,-10.2400,-0.0138,-10.2400,-0.0147,-10.2400,-0.0147
68,0.0000,2.5564,-10.2400,-0.0144,-10.2400,-0.0147,-10.2400,-0.0144
69,0.0000,2.5564,-10.2400,-0.0147,-10.2400,-0.0150,-10.2400,-0.0144
70,0.0000,2.5565,-10.2400,-0.0150,-10.2400,-0.0141,-10.2400,-0.0144
71,0.0000,2.5563,-10.2400,-0.0153,-10.2400,-0.0147,-10.2400,-0.0147
72,0.0000,2.5563,-10.2400,-0.0138,-10.2400,-0.0138,-10.2400,-0.0144
73,0.0000,2.5564,-10.2400,-0.0150,-10.2400,-0.0144,-10.2400,-0.0150
74,0.0000,2.5563,-10.2400,-0.0147,-10.2400,-0.0150,-10.2400,-0.0141
75,0.0000,2.5564,-10.2400,-0.0150,-10.2400,-0.0147,-10.2400,-0.0147
76,0.0000,2.5563,-10.2400,-0.0144,-10.2400,-0.0134,-10.2400,-0.0153
77,0.0000,2.5564,-10.2400,-0.0147,-10.2400,-0.0138,-10.2400,-0.0150
78,0.0000,2.5566,-10.2400,-0.0144,-10.2400,-0.0138,-10.2400,-0.0144
79,0.0000,2.5563,-10.2400,-0.0141,-10.2400,-0.0156,-10.2400,-0.0144
80,0.0000,2.5564,-10.2400,-0.0147,-10.2400,-0.0144,-10.2400,-0.0150
81,0.0000,2.5564,-10.2400,-0.0150,-10.2400,-0.0141,-10.2400,-0.0147
82,0.0000,2.5565,-10.2400,-0.0144,-10.2400,-0.0144,-10.2400,-0.0144
83,0.0000,2.5563,-10.2400,-0.0150,-10.2400,-0.0144,-10.2400,-0.0147
84,0.0000,2.5565,-10.2400,-0.0147,-10.2400,-0.0150,-10.2400,-0.0147
85,0.0000,2.5564,-10.2400,-0.0150,-10.2400,-0.0141,-10.2400,-0.0144
86,0.0000,2.5565,-10.2400,-0.0141,-10.2400,-0.0144,-10.2400,-0.0144
87,0.0000,2.5564,-10.2400,-0.0144,-10.2400,-0.0150,-10.2400,-0.0150
88,0.0000,2.5564,-10.2400,-0.0147,-10.2400,-0.0141,-10.2400,-0.0153
89,0.0000,2.5564,-10.2400,-0.0144,-10.2400,-0.0144,-10.2400,-0.0144
90,0.0000,2.5564,-10.2400,-0.0147,-10.2400,-0.0163,-10.2400,-0.0138
91,0.0000,2.5564,-10.2400,-0.0138,-10.2400,-0.0150,-10.2400,-0.0147
92,0.0000,2.5564,-10.2400,-0.0147,-10.2400,-0.0141,-10.2400,-0.0150
93,0.0000,2.5565,-10.2400,-0.0141,-10.2400,-0.0144,-10.2400,-0.0153
94,0.0000,2.5563,-10.2400,-0.0144,-10.2400,-0.0141,-10.2400,-0.0147
95,0.0000,2.5563,-10.2400,-0.0150,-10.2400,-0.0147,-10.2400,-0.0153
96,0.0000,2.5564,-10.2400,-0.0150,-10.2400,-0.0141,-10.2400,-0.0150
97,0.0000,2.5565,-10.2400,-0.0147,-10.2400,-0.0150,-10.2400,-0.0144
98,0.0000,2.5564,-10.2400,-0.0138,-10.2400,-0.0147,-10.2400,-0.0153
99,0.0000,2.5564,-10.2400,-0.0159,-10.2400,-0.0150,-10.2400,-0.0150
100,0.0000,2.5564,-10.2400,-0.0150,-10.2400,-0.0147,-10.2400,-0.0144
101,0.0000,2.5563,-10.2400,-0.0156,-10.2400,-0.0144,-10.2400,-0.0150
102,0.0000,2.5564,-10.2400,-0.0141,-10.2400,-0.0144,-10.2400,-0.0147
103,0.0000,2.5564,-10.2400,-0.0141,-10.2400,-0.0144,-10.2400,-0.0150
104,0.0000,2.5563,-10.2400,-0.0150,-10.2400,-0.0144,-10.2400,-0.0156
105,0.0000,2.5563,-10.2400,-0.0144,-10.2400,-0.0144,-10.2400,-0.0141
106,0.0000,2.5564,-10.2400,-0.0147,-10.2400,-0.0138,-10.2400,-0.0147
107,0.0000,2.5563,-10.2400,-0.0153,-10.2400,-0.0144,-10.2400,-0.0144
108,0.0000,2.5564,-10.2400,-0.0147,-10.2400,-0.0147,-10.2400,-0.0150
109,0.0000,2.5564,-10.2400,-0.0144,-10.2400,-0.0141,-10.2400,-0.0150
110,0.0000,2.5564,-10.2400,-0.0150,-10.2400,-0.0141,-10.2400,-0.0141
111,0.0000,2.5563,-10.2400,-0.0141,-10.2400,-0.0150,-10.2400,-0.0150
112,0.0000,2.5564,-10.2400,-0.0138,-10.2400,-0.0141,-10.2400,-0.0147
113,0.0000,2.5562,-10.2400,-0.0153,-10.2400,-0.0144,-10.2400,-0.0150
114,0.0000,2.5563,-10.2400,-0.0144,-10.2400,-0.0147,-10.2400,-0.0150
115,0.0000,2.5565,-10.2400,-0.0150,-10.2400,-0.0141,-10.2400,-0.0147
116,0.0000,2.5563,-10.2400,-0.0156,-10.2400,-0.0150,-10.2400,-0.0150
117,0.0000,2.5563,-10.2400,-0.0147,-10.2400,-0.0141,-10.2400,-0.0147
118,0.0000,2.5564,-10.2400,-0.0147,-10.2400,-0.0150,-10.2400,-0.0147
119,0.0000,2.5567,-10.2400,-0.0150,-10.2400,-0.0141,-10.2400,-0.0141
120,0.0000,2.5564,-10.2400,-0.0144,-10.2400,-0.0144,-10.2400,-0.0141
121,0.0000,2.5565,-10.2400,-0.0147,-10.2400,-0.0147,-10.2400,-0.0144
122,0.0000,2.5565,-10.2400,-0.0144,-10.2400,-0.0144,-10.2400,-0.0134
123,0.0000,2.5563,-10.2400,-0.0141,-10.2400,-0.0138,-10.2400,-0.0138
124,0.0000,2.5564,-10.2400,-0.0144,-10.2400,-0.0153,-10.2400,-0.0150
125,0.0000,2.5564,-10.2400,-0.0150,-10.2400,-0.0144,-10.2400,-0.0147
126,0.0000,2.5564,-10.2400,-0.0144,-10.2400,-0.0147,-10.2400,-0.0141
127,0.0000,2.5564,-10.2400,-0.0144,-10.2400,-0.0150,-10.2400,-0.0138
128,0.0000,2.5563,-10.2400,-0.0144,-10.2400,-0.0141,-10.2400,-0.0147
129,0.0000,2.5564,-10.2400,-0.0134,-10.2400,-0.0147,-10.2400,-0.0150
130,0.0000,2.5564,-10.2400,-0.0147,-10.2400,-0.0141,-10.2400,-0.0144
131,0.0000,2.5564,-10.2400,-0.0141,-10.2400,-0.0150,-10.2400,-0.0150
132,0.0000,2.5566,-10.2400,-0.0156,-10.2400,-0.0144,-10.2400,-0.0147
133,0.0000,2.5563,-10.2400,-0.0147,-10.2400,-0.0153,-10.2400,-0.0153
134,0.0000,2.5565,-10.2400,-0.0144,-10.2400,-0.0144,-10.2400,-0.0141
135,0.0000,2.5564,-10.2400,-0.0153,-10.2400,-0.0144,-10.2400,-0.0150
136,0.0000,2.5564,-10.2400,-0.0141,-10.2400,-0.0150,-10.2400,-0.0144
137,0.0000,2.5565,-10.2400,-0.0150,-10.2400,-0.0150,-10.2400,-0.0144
138,0.0000,2.5562,-10.2400,-0.0147,-10.2400,-0.0141,-10.2400,-0.0144
139,0.0000,2.5564,-10.2400,-0.0147,-10.2400,-0.0147,-10.2400,-0.0144
140,0.0000,2.5564,-10.2400,-0.0141,-10.2400,-0.0141,-10.2400,-0.0141
141,0.0000,2.5564,-10.2400,-0.0144,-10.2400,-0.0144,-10.2400,-0.0153
142,0.0000,2.5564,-10.2400,-0.0147,-10.2400,-0.0141,-10.2400,-0.0153
143,0.0000,2.5564,-10.2400,-0.0144,-10.2400,-0.0147,-10.2400,-0.0147
144,0.0000,2.5564,-10.2400,-0.0147,-10.2400,-0.0150,-10.2400,-0.0150
145,0.0000,2.5564,-10.2400,-0.0150,-10.2400,-0.0138,-10.2400,-0.0138
146,0.0000,2.5562,-10.2400,-0.0153,-10.2400,-0.0144,-10.2400,-0.0150
147,0.0000,2.5564,-10.2400,-0.0144,-10.2400,-0.0150,-10.2400,-0.0147
148,0.0000,2.5564,-10.2400,-0.0141,-10.2400,-0.0141,-10.2400,-0.0144
149,0.0000,2.5564,-10.2400,-0.0141,-10.2400,-0.0144,-10.2400,-0.0147
150,0.0000,2.5563,-10.2400,-0.0144,-10.2400,-0.0144,-10.2400,-0.0144
151,0.0000,2.5564,-10.2400,-0.0156,-10.2400,-0.0147,-10.2400,-0.0144
152,0.0000,2.5564,-10.2400,-0.0147,-10.2400,-0.0141,-10.2400,-0.0141
153,0.0000,2.5565,-10.2400,-0.0147,-10.2400,-0.0150,-10.2400,-0.0144
154,0.0000,2.5565,-10.2400,-0.0150,-10.2400,-0.0141,-10.2400,-0.0150
155,0.0000,2.5565,-10.2400,-0.0144,-10.2400,-0.0147,-10.2400,-0.0150
156,0.0000,2.5564,-10.2400,-0.0144,-10.2400,-0.0141,-10.2400,-0.0144
157,0.0000,2.5564,-10.2400,-0.0147,-10.2400,-0.0147,-10.2400,-0.0144
158,0.0000,2.5564,-10.2400,-0.0150,-10.2400,-0.0138,-10.2400,-0.0141
159,0.0000,2.5564,-10.2400,-0.0150,-10.2400,-0.0147,-10.2400,-0.0144
160,0.0000,2.5564,-10.2400,-0.0153,-10.2400,-0.0147,-10.2400,-0.0144
161,0.0000,2.5565,-10.2400,-0.0150,-10.2400,-0.0147,-10.2400,-0.0147
162,0.0000,2.5564,-10.2400,-0.0147,-10.2400,-0.0150,-10.2400,-0.0150
163,0.0000,2.5564,-10.2400,-0.0150,-10.2400,-0.0141,-10.2400,-0.0147
164,0.0000,2.5564,-10.2400,-0.0144,-10.2400,-0.0153,-10.2400,-0.0141
165,0.0000,2.5565,-10.2400,-0.0147,-10.2400,-0.0150,-10.2400,-0.0144
166,0.0000,2.5563,-10.2400,-0.0147,-10.2400,-0.0150,-10.2400,-0.0144
167,0.0000,2.5564,-10.2400,-0.0147,-10.2400,-0.0150,-10.2400,-0.0153
168,0.0000,2.5560,-10.2400,-0.0150,-10.2400,-0.0141,-10.2400,-0.0147
169,0.0000,2.5562,-10.2400,-0.0153,-10.2400,-0.0144,-10.2400,-0.0144
170,0.0000,2.5562,-10.2400,-0.0144,-10.2400,-0.0153,-10.2400,-0.0147
171,0.0000,2.5563,-10.2400,-0.0147,-10.2400,-0.0144,-10.2400,-0.0147
172,0.0000,2.5563,-10.2400,-0.0144,-10.2400,-0.0144,-10.2400,-0.0147
173,0.0000,2.5565,-10.2400,-0.0144,-10.2400,-0.0147,-10.2400,-0.0147
174,0.0000,2.5562,-10.2400,-0.0144,-10.2400,-0.0147,-10.2400,-0.0147
175,0.0000,2.5564,-10.2400,-0.0141,-10.2400,-0.0144,-10.2400,-0.0147
176,0.0000,2.5564,-10.2400,-0.0138,-10.2400,-0.0147,-10.2400,-0.0144
177,0.0000,2.5564,-10.2400,-0.0138,-10.2400,-0.0147,-10.2400,-0.0147
178,0.0000,2.5564,-10.2400,-0.0141,-10.2400,-0.0147,-10.2400,-0.0150
179,0.0000,2.5563,-10.2400,-0.0150,-10.2400,-0.0147,-10.2400,-0.0150
180,0.0000,2.5567,-10.2400,-0.0144,-10.2400,-0.0147,-10.2400,-0.0150
181,0.0000,2.5564,-10.2400,-0.0141,-10.2400,-0.0150,-10.2400,-0.0147
182,0.0000,2.5565,-10.2400,-0.0144,-10.2400,-0.0144,-10.2400,-0.0150
183,0.0000,2.5564,-10.2400,-0.0147,-10.2400,-0.0147,-10.2400,-0.0144
184,0.0000,2.5562,-10.2400,-0.0150,-10.2400,-0.0147,-10.2400,-0.0156
185,0.0000,2.5562,-10.2400,-0.0144,-10.2400,-0.0144,-10.2400,-0.0150
186,0.0000,2.5565,-10.2400,-0.0144,-10.2400,-0.0147,-10.2400,-0.0150
187,0.0000,2.5564,-10.2400,-0.0150,-10.2400,-0.0147,-10.2400,-0.0141
188,0.0000,2.5564,-10.2400,-0.0147,-10.2400,-0.0141,-10.2400,-0.0144
189,0.0000,2.5564,-10.2400,-0.0150,-10.2400,-0.0147,-10.2400,-0.0147
190,0.0000,2.5566,-10.2400,-0.0150,-10.2400,-0.0147,-10.2400,-0.0141
191,0.0000,2.5563,-10.2400,-0.0141,-10.2400,-0.0147,-10.2400,-0.0141
192,0.0000,2.5564,-10.2400,-0.0144,-10.2400,-0.0144,-10.2400,-0.0147
193,0.0000,2.5564,-10.2400,-0.0153,-10.2400,-0.0147,-10.2400,-0.0141
194,0.0000,2.5563,-10.2400,-0.0147,-10.2400,-0.0144,-10.2400,-0.0150
195,0.0000,2.5567,-10.2400,-0.0150,-10.2400,-0.0147,-10.2400,-0.0147
196,0.0000,2.5564,-10.2400,-0.0141,-10.2400,-0.0147,-10.2400,-0.0147
197,0.0000,2.5565,-10.2400,-0.0144,-10.2400,-0.0150,-10.2400,-0.0147
198,0.0000,2.5564,-10.2400,-0.0150,-10.2400,-0.0150,-10.2400,-0.0141
199,0.0000,2.5564,-10.2400,-0.0150,-10.2400,-0.0147,-10.2400,-0.0147
200,0.0000,2.5563,-10.2400,-0.0150,-10.2400,-0.0147,-10.2400,-0.0144
201,0.0000,2.5563,-10.2400,-0.0144,-10.2400,-0.0150,-10.2400,-0.0150
202,0.0000,2.5564,-10.2400,-0.0144,-10.2400,-0.0147,-10.2400,-0.0153
203,0.0000,2.5564,-10.2400,-0.0138,-10.2400,-0.0147,-10.2400,-0.0147
204,0.0000,2.5563,-10.2400,-0.0150,-10.2400,-0.0150,-10.2400,-0.0138
205,0.0000,2.5564,-10.2400,-0.0153,-10.2400,-0.0150,-10.2400,-0.0138
206,0.0000,2.5565,-10.2400,-0.0138,-10.2400,-0.0150,-10.2400,-0.0153
207,0.0000,2.5563,-10.2400,-0.0144,-10.2400,-0.0147,-10.2400,-0.0150
208,0.0000,2.5562,-10.2400,-0.0150,-10.2400,-0.0147,-10.2400,-0.0147
209,0.0000,2.5562,-10.2400,-0.0147,-10.2400,-0.0147,-10.2400,-0.0147
210,0.0000,2.5563,-10.2400,-0.0153,-10.2400,-0.0147,-10.2400,-0.0147
211,0.0000,2.5565,-10.2400,-0.0147,-10.2400,-0.0141,-10.2400,-0.0147
212,0.0000,2.5564,-10.2400,-0.0147,-10.2400,-0.0141,-10.2400,-0.0150
213,0.0000,2.5565,-10.2400,-0.0141,-10.2400,-0.0144,-10.2400,-0.0147
214,0.0000,2.5563,-10.2400,-0.0153,-10.2400,-0.0147,-10.2400,-0.0147
215,0.0000,2.5564,-10.2400,-0.0141,-10.2400,-0.0153,-10.2400,-0.0150
216,0.0000,2.5564,-10.2400,-0.0144,-10.2400,-0.0144,-10.2400,-0.0147
217,0.0000,2.5565,-10.2400,-0.0150,-10.2400,-0.0144,-10.2400,-0.0141
218,0.0000,2.5564,-10.2400,-0.0141,-10.2400,-0.0150,-10.2400,-0.0147
219,0.0000,2.5565,-10.2400,-0.0150,-10.2400,-0.0134,-10.2400,-0.0138
220,0.0000,2.5565,-10.2400,-0.0153,-10.2400,-0.0147,-10.2400,-0.0144
221,0.0000,2.5567,-10.2400,-0.0141,-10.2400,-0.0150,-10.2400,-0.0141
222,0.0000,2.5564,-10.2400,-0.0147,-10.2400,-0.0147,-10.2400,-0.0144
223,0.0000,2.5564,-10.2400,-0.0147,-10.2400,-0.0147,-10.2400,-0.0141
224,0.0000,2.5563,-10.2400,-0.0144,-10.2400,-0.0147,-10.2400,-0.0144
225,0.0000,2.5565,-10.2400,-0.0138,-10.2400,-0.0150,-10.2400,-0.0147
226,0.0000,2.5564,-10.2400,-0.0153,-10.2400,-0.0144,-10.2400,-0.0147
227,0.0000,2.5564,-10.2400,-0.0147,-10.2400,-0.0144,-10.2400,-0.0144
228,0.0000,2.5564,-10.2400,-0.0141,-10.2400,-0.0153,-10.2400,-0.0144
229,0.0000,2.5564,-10.2400,-0.0144,-10.2400,-0.0141,-10.2400,-0.0147
230,0.0000,2.5565,-10.2400,-0.0141,-10.2400,-0.0153,-10.2400,-0.0150
231,0.0000,2.5564,-10.2400,-0.0138,-10.2400,-0.0144,-10.2400,-0.0150
232,0.0000,2.5565,-10.2400,-0.0144,-10.2400,-0.0150,-10.2400,-0.0144
233,0.0000,2.5564,-10.2400,-0.0147,-10.2400,-0.0138,-10.2400,-0.0141
234,0.0000,2.5562,-10.2400,-0.0144,-10.2400,-0.0141,-10.2400,-0.0144
235,0.0000,2.5564,-10.2400,-0.0150,-10.2400,-0.0141,-10.2400,-0.0144
236,0.0000,2.5564,-10.2400,-0.0144,-10.2400,-0.0141,-10.2400,-0.0153
237,0.0000,2.5564,-10.2400,-0.0150,-10.2400,-0.0141,-10.2400,-0.0141
238,0.0000,2.5564,-10.2400,-0.0153,-10.2400,-0.0147,-10.2400,-0.0153
239,0.0000,2.5564,-10.2400,-0.0144,-10.2400,-0.0147,-10.2400,-0.0141
240,0.0000,2.5564,-10.2400,-0.0150,-10.2400,-0.0150,-10.2400,-0.0150
241,0.0000,2.5567,-10.2400,-0.0141,-10.2400,-0.0150,-10.2400,-0.0144
242,0.0000,2.5564,-10.2400,-0.0144,-10.2400,-0.0153,-10.2400,-0.0147
243,0.0000,2.5564,-10.2400,-0.0147,-10.2400,-0.0141,-10.2400,-0.0141
244,0.0000,2.5564,-10.2400,-0.0153,-10.2400,-0.0150,-10.2400,-0.0150
245,0.0000,2.5563,-10.2400,-0.0147,-10.2400,-0.0144,-10.2400,-0.0150
246,0.0000,2.5564,-10.2400,-0.0144,-10.2400,-0.0153,-10.2400,-0.0141
247,0.0000,2.5564,-10.2400,-0.0147,-10.2400,-0.0144,-10.2400,-0.0147
248,0.0000,2.5563,-10.2400,-0.0147,-10.2400,-0.0150,-10.2400,-0.0147
249,0.0000,2.5563,-10.2400,-0.0147,-10.2400,-0.0144,-10.2400,-0.0153
250,0.0000,2.5566,-10.2400,-0.0147,-10.2400,-0.0150,-10.2400,-0.0144
251,0.0000,2.5563,-10.2400,-0.0141,-10.2400,-0.0147,-10.2400,-0.0141
252,0.0000,2.5567,-10.2400,-0.0147,-10.2400,-0.0147,-10.2400,-0.0141
253,0.0000,2.5564,-10.2400,-0.0138,-10.2400,-0.0141,-10.2400,-0.0144
254,0.0000,2.5563,-10.2400,-0.0144,-10.2400,-0.0147,-10.2400,-0.0144
255,0.0000,2.5564,-10.2400,-0.0150,-10.2400,-0.0150,-10.2400,-0.0138
256,0.0000,2.5564,-10.2400,-0.0141,-10.2400,-0.0150,-10.2400,-0.0147
257,0.0000,2.5564,-10.2400,-0.0144,-10.2400,-0.0153,-10.2400,-0.0147
258,0.0000,2.5564,-10.2400,-0.0147,-10.2400,-0.0141,-10.2400,-0.0153
259,0.0000,2.5565,-10.2400,-0.0153,-10.2400,-0.0147,-10.2400,-0.0153
260,0.0000,2.5564,-10.2400,-0.0147,-10.2400,-0.0150,-10.2400,-0.0150
261,0.0000,2.5562,-10.2400,-0.0147,-10.2400,-0.0147,-10.2400,-0.0144
262,0.0000,2.5562,-10.2400,-0.0141,-10.2400,-0.0153,-10.2400,-0.0147
263,0.0000,2.5563,-10.2400,-0.0147,-10.2400,-0.0141,-10.2400,-0.0144
264,0.0000,2.5564,-10.2400,-0.0153,-10.2400,-0.0141,-10.2400,-0.0144
265,0.0000,2.5562,-10.2400,-0.0150,-10.2400,-0.0153,-10.2400,-0.0144
266,0.0000,2.5564,-10.2400,-0.0153,-10.2400,-0.0144,-10.2400,-0.0144
267,0.0000,2.5564,-10.2400,-0.0150,-10.2400,-0.0141,-10.2400,-0.0150
268,0.0000,2.5563,-10.2400,-0.0141,-10.2400,-0.0141,-10.2400,-0.0147
269,0.0000,2.5565,-10.2400,-0.0134,-10.2400,-0.0153,-10.2400,-0.0141
270,0.0000,2.5563,-10.2400,-0.0144,-10.2400,-0.0150,-10.2400,-0.0144
271,0.0000,2.5565,-10.2400,-0.0141,-10.2400,-0.0153,-10.2400,-0.0144
272,0.0000,2.5564,-10.2400,-0.0150,-10.2400,-0.0153,-10.2400,-0.0141
273,0.0000,2.5565,-10.2400,-0.0150,-10.2400,-0.0150,-10.2400,-0.0144
274,0.0000,2.5564,-10.2400,-0.0138,-10.2400,-0.0147,-10.2400,-0.0144
275,0.0000,2.5564,-10.2400,-0.0144,-10.2400,-0.0141,-10.2400,-0.0150
276,0.0000,2.5564,-10.2400,-0.0150,-10.2400,-0.0144,-10.2400,-0.0144
277,0.0000,2.5565,-10.2400,-0.0134,-10.2400,-0.0147,-10.2400,-0.0144
278,0.0000,2.5566,-10.2400,-0.0147,-10.2400,-0.0144,-10.2400,-0.0144
279,0.0000,2.5564,-10.2400,-0.0141,-10.2400,-0.0147,-10.2400,-0.0147
280,0.0000,2.5564,-10.2400,-0.0147,-10.2400,-0.0147,-10.2400,-0.0147
281,0.0000,2.5565,-10.2400,-0.0150,-10.2400,-0.0153,-10.2400,-0.0150
282,0.0000,2.5564,-10.2400,-0.0147,-10.2400,-0.0147,-10.2400,-0.0147
283,0.0000,2.5561,-10.2400,-0.0147,-10.2400,-0.0144,-10.2400,-0.0153
284,0.0000,2.5562,-10.2400,-0.0150,-10.2400,-0.0147,-10.2400,-0.0150
285,0.0000,2.5564,-10.2400,-0.0147,-10.2400,-0.0141,-10.2400,-0.0150
286,0.0000,2.5564,-10.2400,-0.0141,-10.2400,-0.0147,-10.2400,-0.0150
287,0.0000,2.5564,-10.2400,-0.0147,-10.2400,-0.0153,-10.2400,-0.0141
288,0.0000,2.5562,-10.2400,-0.0144,-10.2400,-0.0144,-10.2400,-0.0147
289,0.0000,2.5564,-10.2400,-0.0150,-10.2400,-0.0147,-10.2400,-0.0147
290,0.0000,2.5565,-10.2400,-0.0144,-10.2400,-0.0141,-10.2400,-0.0150
291,0.0000,2.5563,-10.2400,-0.0141,-10.2400,-0.0138,-10.2400,-0.0144
292,0.0000,2.5566,-10.2400,-0.0144,-10.2400,-0.0147,-10.2400,-0.0144
293,0.0000,2.5562,-10.2400,-0.0147,-10.2400,-0.0147,-10.2400,-0.0153
294,0.0000,2.5564,-10.2400,-0.0141,-10.2400,-0.0141,-10.2400,-0.0150
295,0.0000,2.5566,-10.2400,-0.0153,-10.2400,-0.0147,-10.2400,-0.0147
296,0.0000,2.5565,-10.2400,-0.0147,-10.2400,-0.0141,-10.2400,-0.0144
297,0.0000,2.5565,-10.2400,-0.0150,-10.2400,-0.0144,-10.2400,-0.0159
298,0.0000,2.5564,-10.2400,-0.0141,-10.2400,-0.0144,-10.2400,-0.0150
299,0.0000,2.5564,-10.2400,-0.0147,-10.2400,-0.0141,-10.2400,-0.0138
300,0.0000,2.5564,-10.2400,-0.0144,-10.2400,-0.0138,-10.2400,-0.0147
301,0.0000,2.5564,-10.2400,-0.0153,-10.2400,-0.0150,-10.2400,-0.0144
302,0.0000,2.5564,-10.2400,-0.0131,-10.2400,-0.0150,-10.2400,-0.0141
303,0.0000,2.5563,-10.2400,-0.0150,-10.2400,-0.0150,-10.2400,-0.0141
304,0.0000,2.5564,-10.2400,-0.0141,-10.2400,-0.0144,-10.2400,-0.0138
305,0.0000,2.5563,-10.2400,-0.0147,-10.2400,-0.0150,-10.2400,-0.0141
306,0.0000,2.5567,-10.2400,-0.0150,-10.2400,-0.0153,-10.2400,-0.0144
307,0.0000,2.5564,-10.2400,-0.0144,-10.2400,-0.0150,-10.2400,-0.0144
308,0.0000,2.5562,-10.2400,-0.0150,-10.2400,-0.0147,-10.2400,-0.0153
309,0.0000,2.5564,-10.2400,-0.0147,-10.2400,-0.0144,-10.2400,-0.0150
310,0.0000,2.5564,-10.2400,-0.0141,-10.2400,-0.0147,-10.2400,-0.0147
311,0.0000,2.5564,-10.2400,-0.0141,-10.2400,-0.0147,-10.2400,-0.0153
312,0.0000,2.5568,-10.2400,-0.0141,-10.2400,-0.0147,-10.2400,-0.0150
313,0.0000,2.5562,-10.2400,-0.0147,-10.2400,-0.0147,-10.2400,-0.0141
314,0.0000,2.5566,-10.2400,-0.0147,-10.2400,-0.0141,-10.2400,-0.0150
315,0.0000,2.5561,-10.2400,-0.0141,-10.2400,-0.0141,-10.2400,-0.0144
316,0.0000,2.5562,-10.2400,-0.0153,-10.2400,-0.0153,-10.2400,-0.0144
317,0.0000,2.5564,-10.2400,-0.0147,-10.2400,-0.0138,-10.2400,-0.0134
318,0.0000,2.5566,-10.2400,-0.0141,-10.2400,-0.0147,-10.2400,-0.0147
319,0.0000,2.5561,-10.2400,-0.0150,-10.2400,-0.0144,-10.2400,-0.0147
320,0.0000,2.5565,-10.2400,-0.0138,-10.2400,-0.0147,-10.2400,-0.0150
321,0.0000,2.5563,-10.2400,-0.0147,-10.2400,-0.0150,-10.2400,-0.0144
322,0.0000,2.5563,-10.2400,-0.0141,-10.2400,-0.0144,-10.2400,-0.0147
323,0.0000,2.5564,-10.2400,-0.0153,-10.2400,-0.0144,-10.2400,-0.0138
324,0.0000,2.5565,-10.2400,-0.0150,-10.2400,-0.0147,-10.2400,-0.0147
325,0.0000,2.5564,-10.2400,-0.0147,-10.2400,-0.0144,-10.2400,-0.0138
326,0.0000,2.5565,-10.2400,-0.0144,-10.2400,-0.0153,-10.2400,-0.0150
327,0.0000,2.5564,-10.2400,-0.0150,-10.2400,-0.0147,-10.2400,-0.0141
328,0.0000,2.5564,-10.2400,-0.0147,-10.2400,-0.0141,-10.2400,-0.0144
329,0.0000,2.5563,-10.2400,-0.0150,-10.2400,-0.0141,-10.2400,-0.0144
330,0.0000,2.5566,-10.2400,-0.0147,-10.2400,-0.0141,-10.2400,-0.0150
331,0.0000,2.5564,-10.2400,-0.0134,-10.2400,-0.0147,-10.2400,-0.0141
332,0.0000,2.5564,-10.2400,-0.0138,-10.2400,-0.0147,-10.2400,-0.0153
333,0.0000,2.5564,-10.2400,-0.0150,-10.2400,-0.0153,-10.2400,-0.0147
334,0.0000,2.5564,-10.2400,-0.0150,-10.2400,-0.0150,-10.2400,-0.0150
335,0.0000,2.5564,-10.2400,-0.0144,-10.2400,-0.0138,-10.2400,-0.0144
336,0.0000,2.5566,-10.2400,-0.0144,-10.2400,-0.0147,-10.2400,-0.0147
337,0.0000,2.5563,-10.2400,-0.0144,-10.2400,-0.0147,-10.2400,-0.0147
338,0.0000,2.5564,-10.2400,-0.0144,-10.2400,-0.0138,-10.2400,-0.0150
339,0.0000,2.5562,-10.2400,-0.0150,-10.2400,-0.0144,-10.2400,-0.0144
340,0.0000,2.5563,-10.2400,-0.0144,-10.2400,-0.0147,-10.2400,-0.0144
341,0.0000,2.5563,-10.2400,-0.0144,-10.2400,-0.0144,-10.2400,-0.0141
342,0.0000,2.5563,-10.2400,-0.0138,-10.2400,-0.0134,-10.2400,-0.0141
343,0.0000,2.5564,-10.2400,-0.0147,-10.2400,-0.0147,-10.2400,-0.0138
344,0.0000,2.5565,-10.2400,-0.0144,-10.2400,-0.0141,-10.2400,-0.0144
345,0.0000,2.5563,-10.2400,-0.0144,-10.2400,-0.0150,-10.2400,-0.0141
346,0.0000,2.5564,-10.2400,-0.0150,-10.2400,-0.0147,-10.2400,-0.0150
347,0.0000,2.5563,-10.2400,-0.0144,-10.2400,-0.0150,-10.2400,-0.0147
348,0.0000,2.5563,-10.2400,-0.0147,-10.2400,-0.0144,-10.2400,-0.0147
349,0.0000,2.5563,-10.2400,-0.0144,-10.2400,-0.0150,-10.2400,-0.0150
350,0.0000,2.5563,-10.2400,-0.0147,-10.2400,-0.0147,-10.2400,-0.0147
351,0.0000,2.5567,-10.2400,-0.0147,-10.2400,-0.0147,-10.2400,-0.0147
352,0.0000,2.5567,-10.2400,-0.0144,-10.2400,-0.0147,-10.2400,-0.0147
353,0.0000,2.5564,-10.2400,-0.0147,-10.2400,-0.0141,-10.2400,-0.0150
354,0.0000,2.5563,-10.2400,-0.0141,-10.2400,-0.0144,-10.2400,-0.0141
355,0.0000,2.5566,-10.2400,-0.0153,-10.2400,-0.0147,-10.2400,-0.0144
356,0.0000,2.5564,-10.2400,-0.0144,-10.2400,-0.0150,-10.2400,-0.0147
357,0.0000,2.5564,-10.2400,-0.0138,-10.2400,-0.0150,-10.2400,-0.0144
358,0.0000,2.5565,-10.2400,-0.0147,-10.2400,-0.0144,-10.2400,-0.0150
359,0.0000,2.5564,-10.2400,-0.0150,-10.2400,-0.0147,-10.2400,-0.0144
360,0.0000,2.5565,-10.2400,-0.0141,-10.2400,-0.0150,-10.2400,-0.0150
361,0.0000,2.5567,-10.2400,-0.0144,-10.2400,-0.0147,-10.2400,-0.0141
362,0.0000,2.5565,-10.2400,-0.0144,-10.2400,-0.0144,-10.2400,-0.0144
363,0.0000,2.5566,-10.2400,-0.0147,-10.2400,-0.0150,-10.2400,-0.0150
364,0.0000,2.5563,-10.2400,-0.0144,-10.2400,-0.0150,-10.2400,-0.0147
365,0.0000,2.5564,-10.2400,-0.0147,-10.2400,-0.0150,-10.2400,-0.0147
366,0.0000,2.5565,-10.2400,-0.0141,-10.2400,-0.0144,-10.2400,-0.0144
367,0.0000,2.5564,-10.2400,-0.0147,-10.2400,-0.0144,-10.2400,-0.0144
368,0.0000,2.5564,-10.2400,-0.0144,-10.2400,-0.0144,-10.2400,-0.0144
369,0.0000,2.5564,-10.2400,-0.0156,-10.2400,-0.0144,-10.2400,-0.0150
370,0.0000,2.5563,-10.2400,-0.0150,-10.2400,-0.0150,-10.2400,-0.0141
371,0.0000,2.5563,-10.2400,-0.0141,-10.2400,-0.0141,-10.2400,-0.0138
372,0.0000,2.5565,-10.2400,-0.0141,-10.2400,-0.0147,-10.2400,-0.0141
373,0.0000,2.5567,-10.2400,-0.0138,-10.2400,-0.0144,-10.2400,-0.0144
374,0.0000,2.5563,-10.2400,-0.0144,-10.2400,-0.0144,-10.2400,-0.0144
375,0.0000,2.5565,-10.2400,-0.0144,-10.2400,-0.0144,-10.2400,-0.0138
376,0.0000,2.5566,-10.2400,-0.0153,-10.2400,-0.0147,-10.2400,-0.0138
377,0.0000,2.5565,-10.2400,-0.0138,-10.2400,-0.0147,-10.2400,-0.0150
378,0.0000,2.5563,-10.2400,-0.0141,-10.2400,-0.0153,-10.2400,-0.0144
379,0.0000,2.5563,-10.2400,-0.0141,-10.2400,-0.0134,-10.2400,-0.0147
380,0.0000,2.5565,-10.2400,-0.0144,-10.2400,-0.0147,-10.2400,-0.0144
381,0.0000,2.5564,-10.2400,-0.0153,-10.2400,-0.0144,-10.2400,-0.0141
382,0.0000,2.5565,-10.2400,-0.0144,-10.2400,-0.0147,-10.2400,-0.0134
383,0.0000,2.5564,-10.2400,-0.0144,-10.2400,-0.0150,-10.2400,-0.0147
384,0.0000,2.5563,-10.2400,-0.0150,-10.2400,-0.0159,-10.2400,-0.0147
385,0.0000,2.5565,-10.2400,-0.0141,-10.2400,-0.0144,-10.2400,-0.0147
386,0.0000,2.5564,-10.2400,-0.0150,-10.2400,-0.0144,-10.2400,-0.0138
387,0.0000,2.5563,-10.2400,-0.0141,-10.2400,-0.0144,-10.2400,-0.0150
388,0.0000,2.5565,-10.2400,-0.0141,-10.2400,-0.0141,-10.2400,-0.0144
389,0.0000,2.5564,-10.2400,-0.0144,-10.2400,-0.0144,-10.2400,-0.0147
390,0.0000,2.5568,-10.2400,-0.0144,-10.2400,-0.0144,-10.2400,-0.0138
391,0.0000,2.5565,-10.2400,-0.0144,-10.2400,-0.0144,-10.2400,-0.0147
392,0.0000,2.5563,-10.2400,-0.0150,-10.2400,-0.0147,-10.2400,-0.0150
393,0.0000,2.5564,-10.2400,-0.0144,-10.2400,-0.0150,-10.2400,-0.0147
394,0.0000,2.5565,-10.2400,-0.0141,-10.2400,-0.0147,-10.2400,-0.0144
395,0.0000,2.5564,-10.2400,-0.0144,-10.2400,-0.0147,-10.2400,-0.0144
396,0.0000,2.5562,-10.2400,-0.0144,-10.2400,-0.0153,-10.2400,-0.0141
397,0.0000,2.5565,-10.2400,-0.0141,-10.2400,-0.0153,-10.2400,-0.0150
398,0.0000,2.5565,-10.2400,-0.0147,-10.2400,-0.0150,-10.2400,-0.0144
399,0.0000,2.5565,-10.2400,-0.0150,-10.2400,-0.0141,-10.2400,-0.0150
400,0.0000,2.5564,-10.2400,-0.0138,-10.2400,-0.0144,-10.2400,-0.0144
401,0.0000,2.5563,-10.2400,-0.0153,-10.2400,-0.0144,-10.2400,-0.0144
402,0.0000,2.5564,-10.2400,-0.0156,-10.2400,-0.0147,-10.2400,-0.0144
403,0.0000,2.5564,-10.2400,-0.0138,-10.2400,-0.0150,-10.2400,-0.0153
404,0.0000,2.5564,-10.2400,-0.0153,-10.2400,-0.0147,-10.2400,-0.0138
405,0.0000,2.5564,-10.2400,-0.0144,-10.2400,-0.0144,-10.2400,-0.0150
406,0.0000,2.5564,-10.2400,-0.0153,-10.2400,-0.0138,-10.2400,-0.0147
407,0.0000,2.5562,-10.2400,-0.0153,-10.2400,-0.0144,-10.2400,-0.0141
408,0.0000,2.5565,-10.2400,-0.0144,-10.2400,-0.0144,-10.2400,-0.0134
409,0.0000,2.5564,-10.2400,-0.0147,-10.2400,-0.0144,-10.2400,-0.0144
410,0.0000,2.5564,-10.2400,-0.0147,-10.2400,-0.0150,-10.2400,-0.0147
411,0.0000,2.5565,-10.2400,-0.0147,-10.2400,-0.0144,-10.2400,-0.0141
412,0.0000,2.5563,-10.2400,-0.0147,-10.2400,-0.0147,-10.2400,-0.0147
413,0.0000,2.5564,-10.2400,-0.0150,-10.2400,-0.0144,-10.2400,-0.0150
414,0.0000,2.5568,-10.2400,-0.0150,-10.2400,-0.0141,-10.2400,-0.0141
415,0.0000,2.5564,-10.2400,-0.0150,-10.2400,-0.0147,-10.2400,-0.0141
416,0.0000,2.5563,-10.2400,-0.0150,-10.2400,-0.0141,-10.2400,-0.0141
417,0.0000,2.5564,-10.2400,-0.0153,-10.2400,-0.0141,-10.2400,-0.0150
418,0.0000,2.5565,-10.2400,-0.0144,-10.2400,-0.0147,-10.2400,-0.0144
419,0.0000,2.5564,-10.2400,-0.0138,-10.2400,-0.0147,-10.2400,-0.0147
420,0.0000,2.5562,-10.2400,-0.0144,-10.2400,-0.0141,-10.2400,-0.0153
421,0.0000,2.5564,-10.2400,-0.0150,-10.2400,-0.0150,-10.2400,-0.0144
422,0.0000,2.5566,-10.2400,-0.0141,-10.2400,-0.0150,-10.2400,-0.0147
423,0.0000,2.5565,-10.2400,-0.0144,-10.2400,-0.0144,-10.2400,-0.0147
424,0.0000,2.5562,-10.2400,-0.0147,-10.2400,-0.0144,-10.2400,-0.0144
425,0.0000,2.5562,-10.2400,-0.0150,-10.2400,-0.0141,-10.2400,-0.0141
426,0.0000,2.5565,-10.2400,-0.0141,-10.2400,-0.0144,-10.2400,-0.0144
427,0.0000,2.5567,-10.2400,-0.0138,-10.2400,-0.0141,-10.2400,-0.0144
428,0.0000,2.5564,-10.2400,-0.0144,-10.2400,-0.0144,-10.2400,-0.0144
429,0.0000,2.5563,-10.2400,-0.0141,-10.2400,-0.0150,-10.2400,-0.0153
430,0.0000,2.5563,-10.2400,-0.0147,-10.2400,-0.0150,-10.2400,-0.0131
431,0.0000,2.5564,-10.2400,-0.0144,-10.2400,-0.0147,-10.2400,-0.0150
432,0.0000,2.5564,-10.2400,-0.0147,-10.2400,-0.0141,-10.2400,-0.0141
433,0.0000,2.5564,-10.2400,-0.0144,-10.2400,-0.0150,-10.2400,-0.0144
434,0.0000,2.5564,-10.2400,-0.0141,-10.2400,-0.0147,-10.2400,-0.0144
435,0.0000,2.5564,-10.2400,-0.0153,-10.2400,-0.0144,-10.2400,-0.0144
436,0.0000,2.5564,-10.2400,-0.0150,-10.2400,-0.0144,-10.2400,-0.0147
437,0.0000,2.5564,-10.2400,-0.0156,-10.2400,-0.0144,-10.2400,-0.0147
438,0.0000,2.5565,-10.2400,-0.0144,-10.2400,-0.0141,-10.2400,-0.0147
439,0.0000,2.5563,-10.2400,-0.0150,-10.2400,-0.0150,-10.2400,-0.0141
440,0.0000,2.5565,-10.2400,-0.0141,-10.2400,-0.0147,-10.2400,-0.0141
441,0.0000,2.5564,-10.2400,-0.0153,-10.2400,-0.0150,-10.2400,-0.0138
442,0.0000,2.5564,-10.2400,-0.0150,-10.2400,-0.0141,-10.2400,-0.0134
443,0.0000,2.5564,-10.2400,-0.0141,-10.2400,-0.0153,-10.2400,-0.0144
444,0.0000,2.5564,-10.2400,-0.0153,-10.2400,-0.0153,-10.2400,-0.0150
445,0.0000,2.5563,-10.2400,-0.0144,-10.2400,-0.0147,-10.2400,-0.0150
446,0.0000,2.5563,-10.2400,-0.0147,-10.2400,-0.0144,-10.2400,-0.0138
447,0.0000,2.5564,-10.2400,-0.0144,-10.2400,-0.0150,-10.2400,-0.0144
448,0.0000,2.5564,-10.2400,-0.0150,-10.2400,-0.0147,-10.2400,-0.0144
449,0.0000,2.5564,-10.2400,-0.0144,-10.2400,-0.0144,-10.2400,-0.0138
450,0.0000,2.5561,-10.2400,-0.0147,-10.2400,-0.0141,-10.2400,-0.0150
451,0.0000,2.5565,-10.2400,-0.0150,-10.2400,-0.0144,-10.2400,-0.0147
452,0.0000,2.5564,-10.2400,-0.0141,-10.2400,-0.0150,-10.2400,-0.0147
453,0.0000,2.5563,-10.2400,-0.0153,-10.2400,-0.0147,-10.2400,-0.0150
454,0.0000,2.5564,-10.2400,-0.0147,-10.2400,-0.0134,-10.2400,-0.0150
455,0.0000,2.5564,-10.2400,-0.0147,-10.2400,-0.0147,-10.2400,-0.0141
456,0.0000,2.5564,-10.2400,-0.0138,-10.2400,-0.0144,-10.2400,-0.0147
457,0.0000,2.5563,-10.2400,-0.0147,-10.2400,-0.0144,-10.2400,-0.0144
458,0.0000,2.5564,-10.2400,-0.0147,-10.2400,-0.0141,-10.2400,-0.0153
459,0.0000,2.5564,-10.2400,-0.0141,-10.2400,-0.0144,-10.2400,-0.0144
460,0.0000,2.5564,-10.2400,-0.0144,-10.2400,-0.0150,-10.2400,-0.0144
461,0.0000,2.5565,-10.2400,-0.0144,-10.2400,-0.0144,-10.2400,-0.0141
462,0.0000,2.5565,-10.2400,-0.0144,-10.2400,-0.0144,-10.2400,-0.0150
463,0.0000,2.5564,-10.2400,-0.0147,-10.2400,-0.0150,-10.2400,-0.0144
464,0.0000,2.5564,-10.2400,-0.0144,-10.2400,-0.0141,-10.2400,-0.0138
465,0.0000,2.5565,-10.2400,-0.0150,-10.2400,-0.0147,-10.2400,-0.0147
466,0.0000,2.5564,-10.2400,-0.0147,-10.2400,-0.0144,-10.2400,-0.0138
467,0.0000,2.5564,-10.2400,-0.0153,-10.2400,-0.0144,-10.2400,-0.0153
468,0.0000,2.5566,-10.2400,-0.0153,-10.2400,-0.0144,-10.2400,-0.0147
469,0.0000,2.5564,-10.2400,-0.0144,-10.2400,-0.0144,-10.2400,-0.0147
470,0.0000,2.5564,-10.2400,-0.0141,-10.2400,-0.0138,-10.2400,-0.0141
471,0.0000,2.5567,-10.2400,-0.0138,-10.2400,-0.0144,-10.2400,-0.0150
472,0.0000,2.5563,-10.2400,-0.0144,-10.2400,-0.0156,-10.2400,-0.0153
473,0.0000,2.5566,-10.2400,-0.0147,-10.2400,-0.0150,-10.2400,-0.0144
474,0.0000,2.5564,-10.2400,-0.0138,-10.2400,-0.0144,-10.2400,-0.0150
475,0.0000,2.5563,-10.2400,-0.0147,-10.2400,-0.0147,-10.2400,-0.0141
476,0.0000,2.5566,-10.2400,-0.0150,-10.2400,-0.0147,-10.2400,-0.0141
477,0.0000,2.5564,-10.2400,-0.0141,-10.2400,-0.0147,-10.2400,-0.0147
478,0.0000,2.5564,-10.2400,-0.0150,-10.2400,-0.0144,-10.2400,-0.0138
479,0.0000,2.5567,-10.2400,-0.0150,-10.2400,-0.0144,-10.2400,-0.0141
480,0.0000,2.5564,-10.2400,-0.0147,-10.2400,-0.0147,-10.2400,-0.0147
481,0.0000,2.5565,-10.2400,-0.0150,-10.2400,-0.0144,-10.2400,-0.0147
482,0.0000,2.5563,-10.2400,-0.0153,-10.2400,-0.0153,-10.2400,-0.0138
483,0.0000,2.5564,-10.2400,-0.0144,-10.2400,-0.0147,-10.2400,-0.0147
484,0.0000,2.5563,-10.2400,-0.0138,-10.2400,-0.0144,-10.2400,-0.0150
485,0.0000,2.5564,-10.2400,-0.0150,-10.2400,-0.0141,-10.2400,-0.0141
486,0.0000,2.5564,-10.2400,-0.0147,-10.2400,-0.0144,-10.2400,-0.0156
487,0.0000,2.5563,-10.2400,-0.0150,-10.2400,-0.0144,-10.2400,-0.0141
488,0.0000,2.5564,-10.2400,-0.0153,-10.2400,-0.0144,-10.2400,-0.0144
489,0.0000,2.5564,-10.2400,-0.0144,-10.2400,-0.0147,-10.2400,-0.0144
490,0.0000,2.5567,-10.2400,-0.0156,-10.2400,-0.0144,-10.2400,-0.0141
491,0.0000,2.5564,-10.2400,-0.0147,-10.2400,-0.0147,-10.2400,-0.0144
492,0.0000,2.5564,-10.2400,-0.0141,-10.2400,-0.0147,-10.2400,-0.0141
493,0.0000,2.5564,-10.2400,-0.0141,-10.2400,-0.0150,-10.2400,-0.0147
494,0.0000,2.5563,-10.2400,-0.0141,-10.2400,-0.0150,-10.2400,-0.0144
495,0.0000,2.5563,-10.2400,-0.0150,-10.2400,-0.0144,-10.2400,-0.0150
496,0.0000,2.5563,-10.2400,-0.0144,-10.2400,-0.0144,-10.2400,-0.0147
497,0.0000,2.5565,-10.2400,-0.0141,-10.2400,-0.0147,-10.2400,-0.0134
498,0.0000,2.5566,-10.2400,-0.0141,-10.2400,-0.0144,-10.2400,-0.0141
499,0.0000,2.5564,-10.2400,-0.0144,-10.2400,-0.0147,-10.2400,-0.0144
500,0.0000,2.5563,-10.2400,-0.0150,-10.2400,-0.0147,-10.2400,-0.0147
501,0.0000,2.5566,-10.2400,-0.0147,-10.2400,-0.0147,-10.2400,-0.0141
502,0.0000,2.5564,-10.2400,-0.0141,-10.2400,-0.0147,-10.2400,-0.0147
503,0.0000,2.5565,-10.2400,-0.0144,-10.2400,-0.0141,-10.2400,-0.0153
504,0.0000,2.5562,-10.2400,-0.0150,-10.2400,-0.0147,-10.2400,-0.0150
505,0.0000,2.5564,-10.2400,-0.0147,-10.2400,-0.0141,-10.2400,-0.0147
506,0.0000,2.5563,-10.2400,-0.0144,-10.2400,-0.0147,-10.2400,-0.0141
507,0.0000,2.5563,-10.2400,-0.0144,-10.2400,-0.0141,-10.2400,-0.0150
508,0.0000,2.5564,-10.2400,-0.0141,-10.2400,-0.0141,-10.2400,-0.0147
509,0.0000,2.5564,-10.2400,-0.0150,-10.2400,-0.0144,-10.2400,-0.0150
510,0.0000,2.5563,-10.2400,-0.0144,-10.2400,-0.0141,-10.2400,-0.0147
511,0.0000,2.5562,-10.2400,-0.0138,-10.2400,-0.0150,-10.2400,-0.0147
=== End of History Data ===

=== ADS8688 History Data (Sample Count: 2048) ===
Index,CH0(V),CH1(V),CH2(V),CH3(V),CH4(V),CH5(V),CH6(V),CH7(V)
0,0.9269,0.9294,2.2197,0.9356,0.9559,0.9525,0.9494,0.9569
1,0.9803,0.9841,2.2200,0.9859,1.0063,1.0013,0.9963,1.0019
2,0.9381,0.9394,2.2188,0.9400,0.9584,0.9509,0.9459,0.9509
3,0.8016,0.8013,2.2197,0.8000,0.8166,0.8097,0.8022,0.8059
4,0.5853,0.5847,2.2184,0.5809,0.5969,0.5888,0.5800,0.5834
5,0.3100,0.3094,2.2191,0.3044,0.3203,0.3094,0.3022,0.3050
6,0.0022,0.0016,2.2184,-0.0044,0.0113,0.0016,-0.0072,-0.0041
7,-0.3066,-0.3072,2.2191,-0.3125,-0.2969,-0.3059,-0.3156,-0.3119
8,-0.5869,-0.5881,2.2197,-0.5913,-0.5756,-0.5838,-0.5925,-0.5891
9,-0.8116,-0.8106,2.2194,-0.8138,-0.7959,-0.8044,-0.8131,-0.8072
10,-0.9584,-0.9563,2.2188,-0.9566,-0.9381,-0.9463,-0.9525,-0.9459
11,-1.0134,-1.0106,2.2194,-1.0078,-0.9894,-0.9941,-0.9994,-0.9922
12,-0.9703,-0.9656,2.2197,-0.9619,-0.9403,-0.9450,-0.9500,-0.9406
13,-0.8331,-0.8281,2.2191,-0.8213,-0.7997,-0.8041,-0.8059,-0.7963
14,-0.6175,-0.6116,2.2197,-0.6019,-0.5800,-0.5816,-0.5841,-0.5744
15,-0.3416,-0.3363,2.2194,-0.3250,-0.3022,-0.3041,-0.3050,-0.2944
16,-0.0347,-0.0281,2.2194,-0.0172,0.0056,0.0034,0.0031,0.0138
17,0.2747,0.2809,2.2191,0.2916,0.3147,0.3122,0.3119,0.3225
18,0.5541,0.5606,2.2197,0.5697,0.5922,0.5909,0.5891,0.5978
19,0.7794,0.7844,2.2197,0.7916,0.8141,0.8109,0.8081,0.8175
20,0.9269,0.9306,2.2191,0.9356,0.9563,0.9519,0.9491,0.9566
21,0.9813,0.9825,2.2197,0.9869,1.0053,1.0013,0.9966,1.0019
22,0.9384,0.9384,2.2197,0.9400,0.9578,0.9519,0.9459,0.9506
23,0.8022,0.8019,2.2191,0.8003,0.8175,0.8088,0.8031,0.8069
24,0.5853,0.5850,2.2188,0.5813,0.5978,0.5894,0.5803,0.5844
25,0.3106,0.3094,2.2184,0.3047,0.3203,0.3097,0.3025,0.3050
26,0.0019,0.0013,2.2197,-0.0044,0.0119,0.0025,-0.0069,-0.0041
27,-0.3059,-0.3081,2.2194,-0.3119,-0.2972,-0.3059,-0.3147,-0.3116
28,-0.5866,-0.5866,2.2191,-0.5906,-0.5744,-0.5847,-0.5916,-0.5881
29,-0.8113,-0.8116,2.2197,-0.8131,-0.7966,-0.8038,-0.8119,-0.8075
30,-0.9584,-0.9569,2.2197,-0.9566,-0.9397,-0.9456,-0.9519,-0.9469
31,-1.0141,-1.0100,2.2194,-1.0084,-0.9881,-0.9941,-1.0006,-0.9925
32,-0.9700,-0.9656,2.2184,-0.9609,-0.9406,-0.9450,-0.9497,-0.9406
33,-0.8341,-0.8281,2.2197,-0.8222,-0.7994,-0.8031,-0.8066,-0.7969
34,-0.6175,-0.6113,2.2194,-0.6019,-0.5797,-0.5831,-0.5841,-0.5738
35,-0.3422,-0.3356,2.2188,-0.3256,-0.3022,-0.3047,-0.3056,-0.2947
36,-0.0359,-0.0281,2.2194,-0.0184,0.0056,0.0038,0.0025,0.0134
37,0.2738,0.2806,2.2194,0.2903,0.3144,0.3128,0.3113,0.3219
38,0.5541,0.5603,2.2194,0.5691,0.5925,0.5900,0.5888,0.5988
39,0.7797,0.7844,2.2194,0.7922,0.8125,0.8106,0.8084,0.8156
40,0.9266,0.9291,2.2194,0.9356,0.9556,0.9528,0.9494,0.9559
41,0.9809,0.9838,2.2197,0.9863,1.0059,1.0009,0.9956,1.0025
42,0.9388,0.9397,2.2197,0.9394,0.9584,0.9525,0.9450,0.9509
43,0.8016,0.8025,2.2200,0.7997,0.8175,0.8103,0.8019,0.8069
44,0.5850,0.5853,2.2197,0.5806,0.5981,0.5894,0.5803,0.5844
45,0.3106,0.3100,2.2194,0.3047,0.3206,0.3113,0.3028,0.3059
46,0.0028,0.0019,2.2191,-0.0038,0.0119,0.0022,-0.0063,-0.0031
47,-0.3063,-0.3066,2.2197,-0.3119,-0.2959,-0.3059,-0.3141,-0.3113
48,-0.5859,-0.5866,2.2191,-0.5903,-0.5741,-0.5838,-0.5916,-0.5878
49,-0.8119,-0.8103,2.2194,-0.8131,-0.7956,-0.8041,-0.8116,-0.8066
50,-0.9581,-0.9566,2.2200,-0.9563,-0.9388,-0.9450,-0.9522,-0.9463
51,-1.0134,-1.0100,2.2197,-1.0084,-0.9878,-0.9944,-1.0003,-0.9922
52,-0.9706,-0.9656,2.2194,-0.9619,-0.9406,-0.9450,-0.9503,-0.9406
53,-0.8338,-0.8281,2.2194,-0.8216,-0.7997,-0.8047,-0.8063,-0.7966
54,-0.6181,-0.6119,2.2197,-0.6028,-0.5803,-0.5825,-0.5847,-0.5753
55,-0.3425,-0.3363,2.2197,-0.3256,-0.3031,-0.3047,-0.3056,-0.2956
56,-0.0359,-0.0288,2.2194,-0.0184,0.0053,0.0025,0.0025,0.0131
57,0.2741,0.2800,2.2191,0.2903,0.3138,0.3119,0.3113,0.3213
58,0.5531,0.5603,2.2200,0.5694,0.5919,0.5900,0.5881,0.5975
59,0.7791,0.7841,2.2194,0.7916,0.8134,0.8103,0.8078,0.8169
60,0.9259,0.9300,2.2197,0.9350,0.9563,0.9519,0.9488,0.9566
61,0.9816,0.9831,2.2197,0.9866,1.0056,1.0009,0.9966,1.0019
62,0.9378,0.9400,2.2197,0.9394,0.9588,0.9522,0.9466,0.9516
63,0.8028,0.8016,2.2197,0.8009,0.8172,0.8103,0.8031,0.8066
64,0.5863,0.5853,2.2191,0.5819,0.5981,0.5884,0.5819,0.5850
65,0.3113,0.3094,2.2197,0.3053,0.3206,0.3119,0.3031,0.3047
66,0.0034,0.0013,2.2197,-0.0031,0.0116,0.0031,-0.0056,-0.0034
67,-0.3056,-0.3069,2.2197,-0.3113,-0.2963,-0.3050,-0.3138,-0.3116
68,-0.5863,-0.5863,2.2194,-0.5903,-0.5738,-0.5841,-0.5909,-0.5872
69,-0.8113,-0.8100,2.2188,-0.8122,-0.7950,-0.8047,-0.8109,-0.8059
70,-0.9584,-0.9563,2.2197,-0.9572,-0.9381,-0.9453,-0.9528,-0.9456
71,-1.0134,-1.0106,2.2194,-1.0078,-0.9891,-0.9944,-0.9991,-0.9934
72,-0.9716,-0.9656,2.2197,-0.9622,-0.9403,-0.9453,-0.9497,-0.9409
73,-0.8344,-0.8288,2.2194,-0.8216,-0.8009,-0.8038,-0.8066,-0.7978
74,-0.6194,-0.6122,2.2200,-0.6041,-0.5806,-0.5828,-0.5859,-0.5744
75,-0.3428,-0.3369,2.2194,-0.3266,-0.3038,-0.3053,-0.3063,-0.2956
76,-0.0363,-0.0291,2.2188,-0.0188,0.0050,0.0022,0.0019,0.0128
77,0.2725,0.2800,2.2194,0.2891,0.3138,0.3119,0.3106,0.3209
78,0.5541,0.5600,2.2184,0.5691,0.5919,0.5897,0.5878,0.5978
79,0.7791,0.7841,2.2194,0.7919,0.8131,0.8100,0.8081,0.8166
80,0.9253,0.9300,2.2197,0.9350,0.9566,0.9522,0.9484,0.9566
81,0.9816,0.9838,2.2194,0.9859,1.0063,1.0009,0.9956,1.0028
82,0.9391,0.9400,2.2191,0.9406,0.9581,0.9525,0.9466,0.9506
83,0.8028,0.8028,2.2188,0.8009,0.8184,0.8097,0.8038,0.8075
84,0.5853,0.5859,2.2194,0.5813,0.5984,0.5897,0.5809,0.5850
85,0.3116,0.3100,2.2197,0.3059,0.3203,0.3122,0.3038,0.3053
86,0.0041,0.0028,2.2194,-0.0025,0.0125,0.0034,-0.0053,-0.0025
87,-0.3050,-0.3056,2.2184,-0.3109,-0.2950,-0.3053,-0.3138,-0.3106
88,-0.5856,-0.5859,2.2188,-0.5897,-0.5734,-0.5828,-0.5919,-0.5872
89,-0.8109,-0.8106,2.2197,-0.8122,-0.7953,-0.8041,-0.8113,-0.8059
90,-0.9578,-0.9559,2.2191,-0.9559,-0.9381,-0.9456,-0.9513,-0.9456
91,-1.0141,-1.0097,2.2197,-1.0081,-0.9878,-0.9944,-0.9997,-0.9922
92,-0.9719,-0.9659,2.2197,-0.9616,-0.9413,-0.9456,-0.9494,-0.9422
93,-0.8356,-0.8288,2.2194,-0.8222,-0.8006,-0.8038,-0.8066,-0.7981
94,-0.6188,-0.6125,2.2184,-0.6031,-0.5806,-0.5841,-0.5853,-0.5747
95,-0.3434,-0.3369,2.2197,-0.3275,-0.3034,-0.3053,-0.3072,-0.2963
96,-0.0366,-0.0303,2.2197,-0.0188,0.0044,0.0019,0.0016,0.0122
97,0.2728,0.2794,2.2191,0.2900,0.3131,0.3103,0.3103,0.3209
98,0.5538,0.5597,2.2188,0.5688,0.5913,0.5894,0.5875,0.5975
99,0.7791,0.7838,2.2194,0.7906,0.8131,0.8103,0.8069,0.8166
100,0.9263,0.9297,2.2188,0.9359,0.9563,0.9509,0.9491,0.9559
101,0.9813,0.9838,2.2197,0.9869,1.0053,1.0013,0.9963,1.0013
102,0.9388,0.9397,2.2200,0.9406,0.9581,0.9528,0.9469,0.9509
103,0.8028,0.8025,2.2191,0.8009,0.8184,0.8109,0.8025,0.8078
104,0.5859,0.5863,2.2197,0.5828,0.5981,0.5903,0.5822,0.5844
105,0.3122,0.3109,2.2188,0.3063,0.3219,0.3116,0.3044,0.3066
106,0.0044,0.0028,2.2200,-0.0025,0.0122,0.0041,-0.0050,-0.0031
107,-0.3047,-0.3056,2.2194,-0.3106,-0.2953,-0.3044,-0.3138,-0.3100
108,-0.5853,-0.5856,2.2194,-0.5900,-0.5734,-0.5822,-0.5916,-0.5869
109,-0.8106,-0.8106,2.2194,-0.8122,-0.7959,-0.8031,-0.8106,-0.8066
110,-0.9588,-0.9553,2.2197,-0.9566,-0.9375,-0.9459,-0.9516,-0.9453
111,-1.0134,-1.0103,2.2197,-1.0078,-0.9891,-0.9944,-0.9994,-0.9931
112,-0.9703,-0.9663,2.2191,-0.9613,-0.9406,-0.9466,-0.9494,-0.9409
113,-0.8350,-0.8288,2.2197,-0.8225,-0.8009,-0.8047,-0.8072,-0.7975
114,-0.6191,-0.6134,2.2194,-0.6038,-0.5809,-0.5844,-0.5853,-0.5750
115,-0.3434,-0.3372,2.2194,-0.3269,-0.3041,-0.3069,-0.3069,-0.2966
116,-0.0369,-0.0306,2.2194,-0.0194,0.0031,0.0022,0.0016,0.0106
117,0.2728,0.2791,2.2194,0.2897,0.3128,0.3103,0.3100,0.3206
118,0.5525,0.5591,2.2200,0.5675,0.5909,0.5894,0.5866,0.5972
119,0.7778,0.7831,2.2197,0.7897,0.8128,0.8100,0.8072,0.8159
120,0.9259,0.9294,2.2197,0.9353,0.9559,0.9509,0.9484,0.9559
121,0.9809,0.9838,2.2194,0.9863,1.0066,1.0003,0.9969,1.0025
122,0.9391,0.9394,2.2194,0.9409,0.9591,0.9519,0.9469,0.9519
123,0.8031,0.8025,2.2191,0.8016,0.8175,0.8106,0.8041,0.8078
124,0.5859,0.5866,2.2197,0.5828,0.5988,0.5906,0.5828,0.5853
125,0.3125,0.3116,2.2188,0.3066,0.3222,0.3119,0.3044,0.3072
126,0.0047,0.0034,2.2191,-0.0019,0.0141,0.0041,-0.0050,-0.0019
127,-0.3047,-0.3050,2.2197,-0.3103,-0.2956,-0.3041,-0.3125,-0.3106
128,-0.5853,-0.5853,2.2197,-0.5897,-0.5731,-0.5816,-0.5906,-0.5869
129,-0.8103,-0.8106,2.2197,-0.8119,-0.7953,-0.8028,-0.8103,-0.8056
130,-0.9578,-0.9556,2.2191,-0.9563,-0.9378,-0.9453,-0.9525,-0.9453
131,-1.0144,-1.0100,2.2197,-1.0078,-0.9891,-0.9941,-0.9997,-0.9922
132,-0.9706,-0.9666,2.2194,-0.9619,-0.9409,-0.9459,-0.9503,-0.9409
133,-0.8350,-0.8294,2.2188,-0.8225,-0.8006,-0.8044,-0.8081,-0.7975
134,-0.6197,-0.6128,2.2197,-0.6047,-0.5816,-0.5838,-0.5856,-0.5759
135,-0.3444,-0.3388,2.2194,-0.3275,-0.3044,-0.3072,-0.3075,-0.2966
136,-0.0372,-0.0303,2.2188,-0.0200,0.0038,0.0013,0.0013,0.0116
137,0.2722,0.2788,2.2188,0.2888,0.3125,0.3100,0.3094,0.3200
138,0.5525,0.5588,2.2194,0.5669,0.5906,0.5888,0.5872,0.5959
139,0.7784,0.7819,2.2197,0.7906,0.8122,0.8094,0.8075,0.8159
140,0.9256,0.9281,2.2197,0.9350,0.9553,0.9519,0.9484,0.9556
141,0.9816,0.9828,2.2194,0.9869,1.0066,1.0006,0.9966,1.0025
142,0.9394,0.9406,2.2191,0.9403,0.9591,0.9528,0.9463,0.9516
143,0.8028,0.8034,2.2200,0.8009,0.8188,0.8109,0.8034,0.8081
144,0.5863,0.5869,2.2197,0.5822,0.5994,0.5909,0.5825,0.5856
145,0.3128,0.3113,2.2194,0.3069,0.3219,0.3138,0.3044,0.3066
146,0.0047,0.0034,2.2200,-0.0022,0.0141,0.0047,-0.0050,-0.0016
147,-0.3041,-0.3053,2.2197,-0.3097,-0.2953,-0.3034,-0.3128,-0.3100
148,-0.5844,-0.5847,2.2184,-0.5888,-0.5725,-0.5825,-0.5900,-0.5859
149,-0.8103,-0.8088,2.2197,-0.8125,-0.7947,-0.8028,-0.8109,-0.8053
150,-0.9578,-0.9556,2.2200,-0.9559,-0.9388,-0.9447,-0.9509,-0.9459
151,-1.0134,-1.0097,2.2191,-1.0081,-0.9878,-0.9944,-1.0006,-0.9919
152,-0.9709,-0.9663,2.2188,-0.9616,-0.9409,-0.9466,-0.9500,-0.9413
153,-0.8353,-0.8294,2.2197,-0.8231,-0.8009,-0.8044,-0.8084,-0.7978
154,-0.6206,-0.6131,2.2194,-0.6050,-0.5816,-0.5841,-0.5863,-0.5766
155,-0.3456,-0.3375,2.2197,-0.3278,-0.3053,-0.3066,-0.3078,-0.2984
156,-0.0375,-0.0319,2.2197,-0.0203,0.0031,0.0003,0.0003,0.0113
157,0.2719,0.2784,2.2197,0.2881,0.3122,0.3103,0.3084,0.3197
158,0.5528,0.5584,2.2191,0.5675,0.5906,0.5884,0.5863,0.5966
159,0.7784,0.7822,2.2197,0.7906,0.8122,0.8091,0.8075,0.8156
160,0.9259,0.9291,2.2188,0.9350,0.9556,0.9519,0.9478,0.9556
161,0.9816,0.9834,2.2194,0.9866,1.0063,1.0006,0.9966,1.0028
162,0.9394,0.9406,2.2191,0.9409,0.9591,0.9528,0.9466,0.9522
163,0.8038,0.8028,2.2194,0.8019,0.8188,0.8113,0.8047,0.8081
164,0.5878,0.5869,2.2188,0.5838,0.5997,0.5909,0.5831,0.5866
165,0.3128,0.3109,2.2197,0.3078,0.3219,0.3138,0.3053,0.3075
166,0.0044,0.0044,2.2197,-0.0016,0.0144,0.0053,-0.0034,-0.0016
167,-0.3034,-0.3047,2.2197,-0.3100,-0.2938,-0.3031,-0.3125,-0.3088
168,-0.5856,-0.5844,2.2197,-0.5884,-0.5731,-0.5809,-0.5897,-0.5866
169,-0.8100,-0.8100,2.2197,-0.8116,-0.7944,-0.8034,-0.8100,-0.8047
170,-0.9572,-0.9556,2.2197,-0.9556,-0.9388,-0.9447,-0.9509,-0.9453
171,-1.0131,-1.0097,2.2191,-1.0075,-0.9878,-0.9953,-0.9997,-0.9925
172,-0.9722,-0.9663,2.2194,-0.9622,-0.9416,-0.9459,-0.9500,-0.9425
173,-0.8359,-0.8303,2.2197,-0.8231,-0.8028,-0.8047,-0.8078,-0.7981
174,-0.6200,-0.6147,2.2200,-0.6044,-0.5819,-0.5850,-0.5863,-0.5763
175,-0.3459,-0.3384,2.2197,-0.3281,-0.3056,-0.3069,-0.3081,-0.2984
176,-0.0391,-0.0312,2.2200,-0.0206,0.0025,0.0013,0.0003,0.0094
177,0.2713,0.2772,2.2197,0.2878,0.3109,0.3103,0.3088,0.3191
178,0.5525,0.5569,2.2197,0.5672,0.5900,0.5875,0.5863,0.5963
179,0.7781,0.7825,2.2197,0.7897,0.8122,0.8091,0.8059,0.8153
180,0.9247,0.9294,2.2197,0.9347,0.9550,0.9519,0.9481,0.9544
181,0.9816,0.9831,2.2194,0.9869,1.0063,1.0003,0.9969,1.0028
182,0.9381,0.9406,2.2194,0.9403,0.9591,0.9528,0.9469,0.9509
183,0.8028,0.8041,2.2200,0.8013,0.8194,0.8119,0.8034,0.8084
184,0.5881,0.5866,2.2197,0.5841,0.6000,0.5909,0.5834,0.5869
185,0.3134,0.3125,2.2194,0.3075,0.3234,0.3141,0.3041,0.3084
186,0.0063,0.0038,2.2194,-0.0006,0.0147,0.0053,-0.0031,-0.0009
187,-0.3038,-0.3038,2.2197,-0.3097,-0.2931,-0.3025,-0.3119,-0.3097
188,-0.5850,-0.5841,2.2197,-0.5888,-0.5722,-0.5806,-0.5894,-0.5859
189,-0.8097,-0.8088,2.2191,-0.8113,-0.7941,-0.8031,-0.8097,-0.8050
190,-0.9572,-0.9556,2.2197,-0.9553,-0.9384,-0.9447,-0.9506,-0.9459
191,-1.0141,-1.0100,2.2197,-1.0075,-0.9891,-0.9944,-0.9994,-0.9922
192,-0.9709,-0.9666,2.2184,-0.9622,-0.9416,-0.9466,-0.9503,-0.9416
193,-0.8359,-0.8300,2.2184,-0.8231,-0.8013,-0.8053,-0.8081,-0.7984
194,-0.6206,-0.6138,2.2197,-0.6059,-0.5822,-0.5847,-0.5872,-0.5769
195,-0.3453,-0.3397,2.2197,-0.3284,-0.3059,-0.3078,-0.3084,-0.2978
196,-0.0388,-0.0319,2.2194,-0.0219,0.0025,0.0009,-0.0013,0.0106
197,0.2700,0.2772,2.2194,0.2872,0.3109,0.3097,0.3084,0.3184
198,0.5509,0.5581,2.2194,0.5663,0.5894,0.5881,0.5856,0.5953
199,0.7781,0.7819,2.2194,0.7897,0.8119,0.8078,0.8066,0.8150
200,0.9256,0.9294,2.2188,0.9347,0.9553,0.9516,0.9478,0.9556
201,0.9813,0.9834,2.2194,0.9856,1.0066,1.0013,0.9953,1.0025
202,0.9394,0.9403,2.2191,0.9409,0.9594,0.9528,0.9472,0.9519
203,0.8038,0.8041,2.2191,0.8025,0.8197,0.8109,0.8050,0.8084
204,0.5881,0.5878,2.2188,0.5834,0.6003,0.5922,0.5828,0.5872
205,0.3141,0.3128,2.2191,0.3078,0.3238,0.3147,0.3050,0.3084
206,0.0050,0.0050,2.2197,-0.0003,0.0150,0.0056,-0.0028,-0.0013
207,-0.3028,-0.3034,2.2184,-0.3088,-0.2928,-0.3038,-0.3113,-0.3084
208,-0.5841,-0.5834,2.2194,-0.5881,-0.5716,-0.5806,-0.5897,-0.5850
209,-0.8097,-0.8091,2.2197,-0.8109,-0.7944,-0.8019,-0.8097,-0.8050
210,-0.9572,-0.9547,2.2194,-0.9553,-0.9372,-0.9447,-0.9522,-0.9447
211,-1.0141,-1.0100,2.2197,-1.0075,-0.9888,-0.9941,-0.9994,-0.9928
212,-0.9709,-0.9672,2.2197,-0.9619,-0.9422,-0.9466,-0.9503,-0.9428
213,-0.8369,-0.8306,2.2197,-0.8238,-0.8022,-0.8050,-0.8078,-0.7991
214,-0.6213,-0.6141,2.2194,-0.6056,-0.5825,-0.5850,-0.5869,-0.5772
215,-0.3453,-0.3388,2.2188,-0.3288,-0.3059,-0.3088,-0.3091,-0.2984
216,-0.0391,-0.0322,2.2197,-0.0222,0.0022,0.0000,-0.0019,0.0103
217,0.2709,0.2759,2.2197,0.2872,0.3106,0.3088,0.3084,0.3184
218,0.5509,0.5575,2.2197,0.5669,0.5888,0.5875,0.5863,0.5947
219,0.7769,0.7822,2.2200,0.7888,0.8116,0.8088,0.8053,0.8150
220,0.9256,0.9284,2.2197,0.9344,0.9544,0.9513,0.9478,0.9541
221,0.9809,0.9834,2.2200,0.9856,1.0063,1.0013,0.9953,1.0028
222,0.9397,0.9406,2.2194,0.9413,0.9597,0.9525,0.9472,0.9522
223,0.8031,0.8044,2.2197,0.8025,0.8184,0.8122,0.8053,0.8078
224,0.5884,0.5884,2.2191,0.5844,0.6006,0.5916,0.5844,0.5875
225,0.3141,0.3128,2.2197,0.3084,0.3228,0.3147,0.3063,0.3084
226,0.0069,0.0056,2.2188,0.0003,0.0159,0.0053,-0.0025,0.0003
227,-0.3025,-0.3038,2.2197,-0.3084,-0.2938,-0.3022,-0.3109,-0.3078
228,-0.5841,-0.5834,2.2197,-0.5875,-0.5719,-0.5803,-0.5888,-0.5859
229,-0.8088,-0.8094,2.2197,-0.8103,-0.7941,-0.8022,-0.8097,-0.8047
230,-0.9581,-0.9550,2.2197,-0.9550,-0.9381,-0.9444,-0.9506,-0.9459
231,-1.0141,-1.0094,2.2197,-1.0078,-0.9888,-0.9944,-0.9991,-0.9931
232,-0.9719,-0.9666,2.2197,-0.9622,-0.9416,-0.9463,-0.9503,-0.9428
233,-0.8359,-0.8303,2.2188,-0.8234,-0.8022,-0.8059,-0.8084,-0.7988
234,-0.6209,-0.6147,2.2181,-0.6056,-0.5828,-0.5859,-0.5875,-0.5769
235,-0.3459,-0.3391,2.2197,-0.3303,-0.3063,-0.3081,-0.3094,-0.2991
236,-0.0394,-0.0328,2.2191,-0.0219,0.0016,-0.0013,-0.0013,0.0097
237,0.2700,0.2759,2.2197,0.2869,0.3100,0.3081,0.3078,0.3178
238,0.5509,0.5569,2.2200,0.5656,0.5894,0.5869,0.5844,0.5950
239,0.7772,0.7806,2.2200,0.7894,0.8109,0.8078,0.8063,0.8147
240,0.9250,0.9275,2.2197,0.9347,0.9547,0.9503,0.9478,0.9553
241,0.9813,0.9834,2.2197,0.9863,1.0063,1.0009,0.9953,1.0025
242,0.9397,0.9406,2.2191,0.9416,0.9597,0.9522,0.9472,0.9525
243,0.8044,0.8038,2.2194,0.8028,0.8191,0.8122,0.8056,0.8081
244,0.5894,0.5884,2.2188,0.5850,0.6009,0.5916,0.5844,0.5878
245,0.3141,0.3134,2.2194,0.3088,0.3241,0.3153,0.3066,0.3081
246,0.0066,0.0056,2.2197,-0.0003,0.0163,0.0066,-0.0034,0.0009
247,-0.3028,-0.3028,2.2197,-0.3078,-0.2928,-0.3019,-0.3103,-0.3078
248,-0.5831,-0.5831,2.2191,-0.5872,-0.5709,-0.5809,-0.5881,-0.5847
249,-0.8088,-0.8081,2.2188,-0.8106,-0.7938,-0.8019,-0.8091,-0.8044
250,-0.9572,-0.9547,2.2184,-0.9550,-0.9372,-0.9447,-0.9506,-0.9447
251,-1.0131,-1.0106,2.2197,-1.0078,-0.9884,-0.9947,-0.9994,-0.9922
252,-0.9725,-0.9666,2.2197,-0.9631,-0.9419,-0.9466,-0.9503,-0.9428
253,-0.8363,-0.8306,2.2184,-0.8238,-0.8022,-0.8056,-0.8091,-0.7988
254,-0.6213,-0.6159,2.2197,-0.6059,-0.5831,-0.5866,-0.5878,-0.5772
255,-0.3466,-0.3397,2.2188,-0.3294,-0.3063,-0.3094,-0.3097,-0.2988
256,-0.0400,-0.0341,2.2194,-0.0219,0.0009,-0.0009,-0.0013,0.0091
257,0.2694,0.2763,2.2200,0.2863,0.3094,0.3084,0.3072,0.3166
258,0.5509,0.5569,2.2184,0.5659,0.5888,0.5869,0.5844,0.5950
259,0.7769,0.7816,2.2191,0.7894,0.8113,0.8078,0.8053,0.8147
260,0.9250,0.9275,2.2197,0.9341,0.9550,0.9506,0.9478,0.9553
261,0.9813,0.9838,2.2184,0.9866,1.0063,1.0006,0.9966,1.0031
262,0.9397,0.9413,2.2194,0.9406,0.9597,0.9538,0.9466,0.9525
263,0.8044,0.8050,2.2197,0.8028,0.8200,0.8128,0.8053,0.8088
264,0.5894,0.5875,2.2197,0.5853,0.6013,0.5925,0.5850,0.5881
265,0.3150,0.3131,2.2197,0.3094,0.3244,0.3153,0.3069,0.3100
266,0.0075,0.0053,2.2197,0.0009,0.0163,0.0066,-0.0016,0.0013
267,-0.3016,-0.3034,2.2194,-0.3072,-0.2919,-0.3019,-0.3100,-0.3069
268,-0.5831,-0.5828,2.2197,-0.5881,-0.5706,-0.5797,-0.5891,-0.5844
269,-0.8088,-0.8081,2.2197,-0.8103,-0.7938,-0.8013,-0.8084,-0.8038
270,-0.9566,-0.9547,2.2194,-0.9553,-0.9366,-0.9441,-0.9516,-0.9444
271,-1.0144,-1.0097,2.2197,-1.0078,-0.9888,-0.9941,-0.9994,-0.9934
272,-0.9716,-0.9675,2.2194,-0.9625,-0.9422,-0.9475,-0.9506,-0.9422
273,-0.8366,-0.8309,2.2184,-0.8241,-0.8022,-0.8069,-0.8091,-0.7991
274,-0.6209,-0.6150,2.2188,-0.6059,-0.5831,-0.5866,-0.5875,-0.5775
275,-0.3469,-0.3397,2.2184,-0.3300,-0.3072,-0.3100,-0.3100,-0.2997
276,-0.0400,-0.0331,2.2184,-0.0222,0.0009,-0.0013,-0.0019,0.0088
277,0.2697,0.2756,2.2197,0.2863,0.3097,0.3075,0.3072,0.3172
278,0.5506,0.5556,2.2197,0.5659,0.5878,0.5866,0.5847,0.5938
279,0.7756,0.7819,2.2194,0.7891,0.8103,0.8081,0.8056,0.8134
280,0.9250,0.9278,2.2200,0.9341,0.9544,0.9509,0.9475,0.9544
281,0.9813,0.9828,2.2197,0.9866,1.0050,1.0009,0.9966,1.0019
282,0.9403,0.9409,2.2191,0.9419,0.9603,0.9525,0.9478,0.9525
283,0.8047,0.8041,2.2197,0.8034,0.8203,0.8125,0.8059,0.8097
284,0.5897,0.5884,2.2200,0.5850,0.6006,0.5931,0.5853,0.5881
285,0.3147,0.3144,2.2197,0.3091,0.3250,0.3163,0.3069,0.3100
286,0.0078,0.0066,2.2191,0.0016,0.0172,0.0063,-0.0016,0.0013
287,-0.3009,-0.3019,2.2184,-0.3069,-0.2916,-0.3013,-0.3100,-0.3069
288,-0.5822,-0.5828,2.2194,-0.5866,-0.5703,-0.5803,-0.5875,-0.5834
289,-0.8094,-0.8075,2.2197,-0.8100,-0.7931,-0.8013,-0.8088,-0.8047
290,-0.9569,-0.9553,2.2197,-0.9553,-0.9375,-0.9441,-0.9503,-0.9447
291,-1.0138,-1.0097,2.2197,-1.0078,-0.9884,-0.9944,-0.9994,-0.9925
292,-0.9728,-0.9669,2.2197,-0.9634,-0.9419,-0.9469,-0.9516,-0.9422
293,-0.8369,-0.8309,2.2184,-0.8241,-0.8025,-0.8063,-0.8094,-0.7997
294,-0.6219,-0.6150,2.2194,-0.6069,-0.5841,-0.5866,-0.5894,-0.5778
295,-0.3472,-0.3406,2.2194,-0.3309,-0.3072,-0.3091,-0.3116,-0.2997
296,-0.0406,-0.0338,2.2188,-0.0228,0.0003,-0.0022,-0.0022,0.0084
297,0.2691,0.2756,2.2188,0.2859,0.3094,0.3066,0.3069,0.3172
298,0.5506,0.5559,2.2197,0.5656,0.5875,0.5863,0.5841,0.5934
299,0.7766,0.7813,2.2188,0.7891,0.8109,0.8072,0.8053,0.8141
300,0.9250,0.9278,2.2197,0.9341,0.9544,0.9509,0.9475,0.9544
301,0.9813,0.9838,2.2200,0.9856,1.0066,1.0009,0.9953,1.0022
302,0.9400,0.9406,2.2194,0.9416,0.9594,0.9538,0.9475,0.9525
303,0.8044,0.8053,2.2197,0.8031,0.8209,0.8134,0.8053,0.8100
304,0.5897,0.5891,2.2200,0.5850,0.6022,0.5938,0.5844,0.5888
305,0.3147,0.3147,2.2197,0.3091,0.3253,0.3166,0.3072,0.3103
306,0.0072,0.0069,2.2197,0.0013,0.0175,0.0075,-0.0016,0.0019
307,-0.3003,-0.3016,2.2191,-0.3066,-0.2909,-0.3009,-0.3094,-0.3069
308,-0.5828,-0.5822,2.2200,-0.5859,-0.5706,-0.5791,-0.5872,-0.5844
309,-0.8081,-0.8078,2.2191,-0.8097,-0.7925,-0.8009,-0.8091,-0.8034
310,-0.9575,-0.9544,2.2200,-0.9556,-0.9366,-0.9441,-0.9509,-0.9441
311,-1.0144,-1.0094,2.2197,-1.0088,-0.9878,-0.9941,-1.0003,-0.9919
312,-0.9725,-0.9672,2.2197,-0.9628,-0.9422,-0.9466,-0.9509,-0.9422
313,-0.8369,-0.8325,2.2197,-0.8241,-0.8038,-0.8063,-0.8094,-0.8009
314,-0.6222,-0.6156,2.2184,-0.6072,-0.5841,-0.5878,-0.5884,-0.5784
315,-0.3481,-0.3406,2.2197,-0.3319,-0.3075,-0.3094,-0.3113,-0.3000
316,-0.0413,-0.0338,2.2197,-0.0238,0.0000,-0.0013,-0.0034,0.0078
317,0.2678,0.2753,2.2197,0.2847,0.3088,0.3072,0.3063,0.3156
318,0.5491,0.5559,2.2200,0.5644,0.5875,0.5856,0.5831,0.5941
319,0.7759,0.7813,2.2194,0.7878,0.8100,0.8078,0.8044,0.8138
320,0.9247,0.9278,2.2188,0.9341,0.9544,0.9500,0.9472,0.9547
321,0.9816,0.9834,2.2197,0.9869,1.0056,1.0013,0.9966,1.0022
322,0.9394,0.9413,2.2197,0.9406,0.9603,0.9538,0.9469,0.9528
323,0.8044,0.8053,2.2194,0.8025,0.8209,0.8138,0.8059,0.8103
324,0.5897,0.5897,2.2197,0.5859,0.6022,0.5928,0.5859,0.5891
325,0.3163,0.3150,2.2188,0.3103,0.3259,0.3163,0.3084,0.3109
326,0.0088,0.0072,2.2194,0.0022,0.0166,0.0078,-0.0006,0.0013
327,-0.3006,-0.3016,2.2194,-0.3066,-0.2913,-0.3000,-0.3097,-0.3059
328,-0.5819,-0.5822,2.2184,-0.5856,-0.5697,-0.5797,-0.5869,-0.5831
329,-0.8084,-0.8069,2.2197,-0.8097,-0.7922,-0.8009,-0.8084,-0.8031
330,-0.9563,-0.9544,2.2184,-0.9547,-0.9366,-0.9447,-0.9500,-0.9441
331,-1.0128,-1.0097,2.2197,-1.0084,-0.9878,-0.9941,-0.9997,-0.9925
332,-0.9728,-0.9672,2.2194,-0.9628,-0.9428,-0.9469,-0.9506,-0.9431
333,-0.8372,-0.8325,2.2197,-0.8250,-0.8038,-0.8072,-0.8097,-0.8000
334,-0.6225,-0.6169,2.2200,-0.6069,-0.5853,-0.5869,-0.5884,-0.5794
335,-0.3475,-0.3413,2.2184,-0.3313,-0.3078,-0.3103,-0.3113,-0.3003
336,-0.0413,-0.0353,2.2197,-0.0238,0.0000,-0.0028,-0.0028,0.0078
337,0.2688,0.2741,2.2197,0.2850,0.3078,0.3069,0.3059,0.3163
338,0.5500,0.5547,2.2197,0.5650,0.5866,0.5853,0.5838,0.5934
339,0.7750,0.7809,2.2197,0.7872,0.8100,0.8075,0.8044,0.8131
340,0.9244,0.9281,2.2188,0.9341,0.9547,0.9497,0.9475,0.9547
341,0.9816,0.9834,2.2194,0.9866,1.0063,1.0006,0.9966,1.0025
342,0.9403,0.9409,2.2197,0.9422,0.9597,0.9538,0.9481,0.9522
343,0.8056,0.8056,2.2188,0.8038,0.8213,0.8125,0.8066,0.8106
344,0.5906,0.5888,2.2197,0.5863,0.6016,0.5944,0.5866,0.5888
345,0.3166,0.3144,2.2197,0.3103,0.3259,0.3169,0.3088,0.3116
346,0.0088,0.0078,2.2197,0.0019,0.0178,0.0088,-0.0009,0.0025
347,-0.3003,-0.3013,2.2194,-0.3059,-0.2906,-0.2997,-0.3088,-0.3056
348,-0.5813,-0.5819,2.2197,-0.5853,-0.5703,-0.5784,-0.5866,-0.5834
349,-0.8088,-0.8069,2.2200,-0.8103,-0.7922,-0.8003,-0.8091,-0.8031
350,-0.9572,-0.9541,2.2197,-0.9547,-0.9369,-0.9434,-0.9503,-0.9438
351,-1.0128,-1.0100,2.2181,-1.0075,-0.9881,-0.9950,-0.9997,-0.9919
352,-0.9722,-0.9675,2.2188,-0.9631,-0.9422,-0.9481,-0.9509,-0.9425
353,-0.8372,-0.8316,2.2188,-0.8250,-0.8034,-0.8075,-0.8100,-0.8003
354,-0.6225,-0.6166,2.2194,-0.6078,-0.5844,-0.5875,-0.5906,-0.5791
355,-0.3494,-0.3416,2.2200,-0.3316,-0.3091,-0.3100,-0.3113,-0.3016
356,-0.0416,-0.0347,2.2188,-0.0241,-0.0006,-0.0031,-0.0031,0.0075
357,0.2681,0.2734,2.2197,0.2847,0.3078,0.3063,0.3056,0.3159
358,0.5494,0.5553,2.2181,0.5647,0.5872,0.5850,0.5831,0.5931
359,0.7759,0.7806,2.2188,0.7878,0.8103,0.8072,0.8038,0.8134
360,0.9244,0.9275,2.2194,0.9338,0.9531,0.9506,0.9472,0.9544
361,0.9813,0.9828,2.2197,0.9866,1.0063,1.0000,0.9963,1.0022
362,0.9403,0.9409,2.2194,0.9422,0.9603,0.9538,0.9481,0.9528
363,0.8056,0.8059,2.2194,0.8041,0.8200,0.8141,0.8069,0.8103
364,0.5906,0.5900,2.2191,0.5869,0.6031,0.5947,0.5856,0.5897
365,0.3159,0.3159,2.2197,0.3100,0.3269,0.3178,0.3084,0.3116
366,0.0094,0.0084,2.2194,0.0022,0.0188,0.0091,-0.0006,0.0034
367,-0.2997,-0.3003,2.2188,-0.3056,-0.2900,-0.2997,-0.3091,-0.3050
368,-0.5813,-0.5809,2.2181,-0.5850,-0.5691,-0.5784,-0.5875,-0.5822
369,-0.8088,-0.8069,2.2194,-0.8091,-0.7922,-0.8000,-0.8075,-0.8038
370,-0.9572,-0.9541,2.2197,-0.9553,-0.9366,-0.9438,-0.9500,-0.9441
371,-1.0134,-1.0097,2.2194,-1.0084,-0.9881,-0.9941,-1.0003,-0.9919
372,-0.9731,-0.9678,2.2197,-0.9631,-0.9431,-0.9472,-0.9513,-0.9438
373,-0.8384,-0.8322,2.2197,-0.8263,-0.8038,-0.8072,-0.8100,-0.8013
374,-0.6228,-0.6169,2.2184,-0.6081,-0.5850,-0.5878,-0.5900,-0.5794
375,-0.3488,-0.3416,2.2197,-0.3325,-0.3088,-0.3106,-0.3131,-0.3009
376,-0.0422,-0.0363,2.2197,-0.0244,-0.0016,-0.0028,-0.0041,0.0069
377,0.2678,0.2744,2.2188,0.2844,0.3078,0.3053,0.3053,0.3153
378,0.5491,0.5550,2.2197,0.5638,0.5869,0.5850,0.5822,0.5928
379,0.7759,0.7803,2.2184,0.7878,0.8097,0.8059,0.8050,0.8134
380,0.9241,0.9278,2.2194,0.9331,0.9544,0.9503,0.9459,0.9544
381,0.9806,0.9838,2.2197,0.9856,1.0063,1.0009,0.9963,1.0022
382,0.9403,0.9409,2.2197,0.9425,0.9600,0.9541,0.9481,0.9528
383,0.8059,0.8063,2.2191,0.8044,0.8213,0.8131,0.8072,0.8109
384,0.5913,0.5906,2.2191,0.5872,0.6031,0.5934,0.5869,0.5900
385,0.3172,0.3163,2.2194,0.3106,0.3275,0.3178,0.3091,0.3116
386,0.0097,0.0081,2.2197,0.0034,0.0184,0.0091,0.0009,0.0034
387,-0.2994,-0.3009,2.2194,-0.3050,-0.2903,-0.2991,-0.3078,-0.3050
388,-0.5803,-0.5806,2.2184,-0.5850,-0.5691,-0.5781,-0.5859,-0.5822
389,-0.8084,-0.8066,2.2197,-0.8088,-0.7922,-0.7997,-0.8075,-0.8038
390,-0.9556,-0.9547,2.2194,-0.9544,-0.9369,-0.9434,-0.9500,-0.9438
391,-1.0141,-1.0097,2.2197,-1.0075,-0.9884,-0.9941,-0.9994,-0.9928
392,-0.9725,-0.9675,2.2197,-0.9641,-0.9425,-0.9472,-0.9513,-0.9434
393,-0.8378,-0.8322,2.2197,-0.8256,-0.8038,-0.8075,-0.8109,-0.8009
394,-0.6234,-0.6181,2.2194,-0.6081,-0.5866,-0.5881,-0.5903,-0.5803
395,-0.3500,-0.3422,2.2194,-0.3325,-0.3103,-0.3106,-0.3122,-0.3028
396,-0.0422,-0.0356,2.2194,-0.0247,-0.0016,-0.0041,-0.0038,0.0066
397,0.2669,0.2741,2.2191,0.2841,0.3078,0.3056,0.3041,0.3150
398,0.5481,0.5547,2.2197,0.5628,0.5866,0.5847,0.5831,0.5922
399,0.7744,0.7800,2.2197,0.7863,0.8091,0.8069,0.8041,0.8122
400,0.9231,0.9278,2.2194,0.9325,0.9541,0.9503,0.9469,0.9541
401,0.9803,0.9838,2.2197,0.9856,1.0063,1.0013,0.9963,1.0025
402,0.9406,0.9409,2.2197,0.9425,0.9594,0.9541,0.9484,0.9531
403,0.8063,0.8066,2.2184,0.8047,0.8222,0.8134,0.8072,0.8113
404,0.5909,0.5909,2.2197,0.5872,0.6028,0.5953,0.5872,0.5891
405,0.3178,0.3169,2.2184,0.3116,0.3275,0.3184,0.3091,0.3125
406,0.0103,0.0088,2.2194,0.0041,0.0194,0.0094,0.0013,0.0034
407,-0.2988,-0.3000,2.2194,-0.3047,-0.2894,-0.2994,-0.3075,-0.3044
408,-0.5809,-0.5809,2.2197,-0.5847,-0.5697,-0.5775,-0.5859,-0.5828
409,-0.8081,-0.8063,2.2197,-0.8088,-0.7922,-0.7997,-0.8075,-0.8031
410,-0.9559,-0.9541,2.2191,-0.9544,-0.9363,-0.9431,-0.9506,-0.9434
411,-1.0128,-1.0097,2.2194,-1.0075,-0.9884,-0.9941,-0.9994,-0.9931
412,-0.9731,-0.9678,2.2197,-0.9638,-0.9431,-0.9472,-0.9513,-0.9441
413,-0.8381,-0.8322,2.2197,-0.8263,-0.8041,-0.8075,-0.8109,-0.8009
414,-0.6234,-0.6172,2.2184,-0.6084,-0.5856,-0.5884,-0.5906,-0.5800
415,-0.3494,-0.3428,2.2184,-0.3328,-0.3094,-0.3122,-0.3128,-0.3019
416,-0.0434,-0.0363,2.2197,-0.0266,-0.0019,-0.0034,-0.0047,0.0050
417,0.2666,0.2738,2.2194,0.2825,0.3069,0.3056,0.3044,0.3141
418,0.5484,0.5541,2.2188,0.5634,0.5863,0.5841,0.5816,0.5922
419,0.7750,0.7788,2.2197,0.7872,0.8088,0.8063,0.8041,0.8125
420,0.9228,0.9278,2.2194,0.9322,0.9544,0.9503,0.9466,0.9534
421,0.9816,0.9834,2.2191,0.9869,1.0066,1.0003,0.9963,1.0031
422,0.9409,0.9419,2.2191,0.9428,0.9606,0.9538,0.9484,0.9538
423,0.8059,0.8066,2.2194,0.8034,0.8222,0.8144,0.8075,0.8109
424,0.5916,0.5909,2.2191,0.5875,0.6034,0.5944,0.5875,0.5903
425,0.3181,0.3159,2.2200,0.3122,0.3272,0.3188,0.3100,0.3125
426,0.0106,0.0094,2.2184,0.0041,0.0197,0.0103,0.0006,0.0041
427,-0.2984,-0.2994,2.2188,-0.3044,-0.2884,-0.2981,-0.3075,-0.3041
428,-0.5809,-0.5806,2.2197,-0.5844,-0.5688,-0.5772,-0.5856,-0.5819
429,-0.8066,-0.8069,2.2194,-0.8081,-0.7919,-0.7994,-0.8069,-0.8025
430,-0.9556,-0.9541,2.2194,-0.9534,-0.9369,-0.9431,-0.9497,-0.9447
431,-1.0131,-1.0100,2.2188,-1.0075,-0.9881,-0.9944,-1.0000,-0.9922
432,-0.9731,-0.9678,2.2197,-0.9647,-0.9428,-0.9475,-0.9516,-0.9438
433,-0.8381,-0.8328,2.2197,-0.8266,-0.8044,-0.8078,-0.8119,-0.8013
434,-0.6241,-0.6178,2.2194,-0.6088,-0.5863,-0.5897,-0.5906,-0.5800
435,-0.3500,-0.3431,2.2184,-0.3328,-0.3100,-0.3125,-0.3138,-0.3025
436,-0.0431,-0.0366,2.2194,-0.0263,-0.0022,-0.0044,-0.0047,0.0056
437,0.2663,0.2731,2.2181,0.2828,0.3066,0.3041,0.3041,0.3144
438,0.5475,0.5538,2.2200,0.5622,0.5859,0.5838,0.5822,0.5916
439,0.7747,0.7784,2.2197,0.7869,0.8081,0.8066,0.8038,0.8113
440,0.9238,0.9275,2.2184,0.9328,0.9538,0.9500,0.9459,0.9544
441,0.9816,0.9834,2.2194,0.9866,1.0063,1.0000,0.9966,1.0025
442,0.9406,0.9416,2.2197,0.9425,0.9606,0.9534,0.9488,0.9534
443,0.8059,0.8072,2.2197,0.8044,0.8225,0.8147,0.8072,0.8119
444,0.5919,0.5913,2.2200,0.5878,0.6041,0.5959,0.5875,0.5903
445,0.3184,0.3172,2.2188,0.3125,0.3284,0.3191,0.3100,0.3131
446,0.0109,0.0097,2.2197,0.0047,0.0191,0.0106,0.0019,0.0047
447,-0.2984,-0.2991,2.2197,-0.3047,-0.2881,-0.2981,-0.3075,-0.3038
448,-0.5797,-0.5797,2.2188,-0.5841,-0.5678,-0.5772,-0.5853,-0.5809
449,-0.8066,-0.8059,2.2200,-0.8081,-0.7913,-0.7991,-0.8069,-0.8028
450,-0.9553,-0.9541,2.2194,-0.9541,-0.9359,-0.9438,-0.9494,-0.9434
451,-1.0131,-1.0094,2.2191,-1.0078,-0.9878,-0.9941,-1.0003,-0.9919
452,-0.9725,-0.9678,2.2194,-0.9638,-0.9428,-0.9478,-0.9528,-0.9431
453,-0.8388,-0.8344,2.2194,-0.8259,-0.8047,-0.8084,-0.8109,-0.8016
454,-0.6253,-0.6181,2.2194,-0.6100,-0.5866,-0.5888,-0.5913,-0.5816
455,-0.3513,-0.3434,2.2197,-0.3338,-0.3106,-0.3122,-0.3134,-0.3038
456,-0.0447,-0.0369,2.2194,-0.0272,-0.0028,-0.0044,-0.0056,0.0047
457,0.2663,0.2719,2.2197,0.2828,0.3053,0.3047,0.3034,0.3138
458,0.5478,0.5538,2.2197,0.5619,0.5859,0.5838,0.5819,0.5913
459,0.7747,0.7794,2.2197,0.7863,0.8084,0.8056,0.8022,0.8122
460,0.9238,0.9275,2.2184,0.9328,0.9538,0.9497,0.9463,0.9541
461,0.9809,0.9834,2.2197,0.9863,1.0063,1.0009,0.9956,1.0022
462,0.9413,0.9419,2.2194,0.9428,0.9609,0.9538,0.9488,0.9538
463,0.8072,0.8069,2.2188,0.8050,0.8225,0.8150,0.8075,0.8119
464,0.5922,0.5919,2.2197,0.5878,0.6034,0.5963,0.5881,0.5913
465,0.3175,0.3178,2.2197,0.3128,0.3281,0.3197,0.3106,0.3128
466,0.0116,0.0103,2.2194,0.0050,0.0203,0.0100,0.0019,0.0047
467,-0.2975,-0.2984,2.2191,-0.3041,-0.2881,-0.2975,-0.3072,-0.3031
468,-0.5794,-0.5803,2.2200,-0.5838,-0.5684,-0.5766,-0.5847,-0.5813
469,-0.8072,-0.8050,2.2200,-0.8091,-0.7906,-0.7994,-0.8075,-0.8019
470,-0.9556,-0.9544,2.2197,-0.9534,-0.9366,-0.9428,-0.9491,-0.9444
471,-1.0131,-1.0097,2.2191,-1.0078,-0.9881,-0.9953,-0.9997,-0.9922
472,-0.9728,-0.9678,2.2197,-0.9641,-0.9431,-0.9478,-0.9528,-0.9434
473,-0.8394,-0.8334,2.2194,-0.8263,-0.8059,-0.8081,-0.8113,-0.8025
474,-0.6244,-0.6181,2.2184,-0.6094,-0.5869,-0.5903,-0.5913,-0.5809
475,-0.3513,-0.3438,2.2197,-0.3350,-0.3106,-0.3125,-0.3150,-0.3031
476,-0.0441,-0.0381,2.2197,-0.0266,-0.0031,-0.0050,-0.0056,0.0050
477,0.2659,0.2716,2.2197,0.2822,0.3059,0.3034,0.3038,0.3134
478,0.5466,0.5531,2.2200,0.5625,0.5847,0.5831,0.5816,0.5900
479,0.7731,0.7788,2.2200,0.7859,0.8084,0.8056,0.8034,0.8116
480,0.9234,0.9263,2.2194,0.9325,0.9525,0.9497,0.9463,0.9528
481,0.9813,0.9828,2.2197,0.9869,1.0063,1.0003,0.9966,1.0025
482,0.9397,0.9419,2.2197,0.9428,0.9603,0.9550,0.9488,0.9528
483,0.8069,0.8075,2.2194,0.8044,0.8228,0.8153,0.8072,0.8116
484,0.5925,0.5909,2.2194,0.5884,0.6047,0.5956,0.5881,0.5913
485,0.3191,0.3178,2.2197,0.3122,0.3291,0.3197,0.3103,0.3141
486,0.0119,0.0106,2.2194,0.0056,0.0197,0.0116,0.0022,0.0047
487,-0.2972,-0.2981,2.2188,-0.3034,-0.2875,-0.2978,-0.3059,-0.3025
488,-0.5800,-0.5791,2.2200,-0.5847,-0.5672,-0.5759,-0.5853,-0.5809
489,-0.8059,-0.8050,2.2188,-0.8075,-0.7906,-0.8000,-0.8063,-0.8016
490,-0.9556,-0.9547,2.2194,-0.9538,-0.9356,-0.9438,-0.9491,-0.9428
491,-1.0131,-1.0109,2.2194,-1.0075,-0.9878,-0.9947,-0.9997,-0.9922
492,-0.9731,-0.9694,2.2197,-0.9634,-0.9438,-0.9481,-0.9519,-0.9434
493,-0.8397,-0.8334,2.2197,-0.8266,-0.8053,-0.8084,-0.8116,-0.8025
494,-0.6256,-0.6184,2.2197,-0.6103,-0.5872,-0.5897,-0.5919,-0.5822
495,-0.3513,-0.3441,2.2184,-0.3344,-0.3109,-0.3131,-0.3147,-0.3034
496,-0.0447,-0.0378,2.2197,-0.0272,-0.0034,-0.0050,-0.0072,0.0044
497,0.2644,0.2716,2.2197,0.2812,0.3053,0.3041,0.3028,0.3122
498,0.5466,0.5531,2.2197,0.5616,0.5850,0.5828,0.5803,0.5913
499,0.7741,0.7788,2.2197,0.7853,0.8081,0.8053,0.8022,0.8119
500,0.9234,0.9272,2.2197,0.9322,0.9538,0.9497,0.9453,0.9538
501,0.9809,0.9838,2.2197,0.9853,1.0063,1.0006,0.9966,1.0022
502,0.9413,0.9425,2.2188,0.9428,0.9613,0.9547,0.9481,0.9544
503,0.8063,0.8075,2.2200,0.8056,0.8225,0.8156,0.8084,0.8116
504,0.5931,0.5922,2.2188,0.5888,0.6053,0.5966,0.5881,0.5919
505,0.3197,0.3181,2.2194,0.3134,0.3294,0.3197,0.3106,0.3144
506,0.0122,0.0109,2.2191,0.0059,0.0222,0.0103,0.0028,0.0056
507,-0.2972,-0.2978,2.2197,-0.3031,-0.2872,-0.2969,-0.3063,-0.3025
508,-0.5797,-0.5791,2.2197,-0.5831,-0.5672,-0.5756,-0.5844,-0.5813
509,-0.8063,-0.8047,2.2197,-0.8084,-0.7903,-0.7984,-0.8066,-0.8016
510,-0.9550,-0.9531,2.2194,-0.9534,-0.9359,-0.9431,-0.9494,-0.9441
511,-1.0134,-1.0097,2.2191,-1.0081,-0.9878,-0.9944,-1.0003,-0.9919
=== End of History Data ===
