=== ADS8688 History Data (Sample Count: 161280) ===
Index,CH0(V),CH1(V),CH2(V),CH3(V),CH4(V),CH5(V),CH6(V),CH7(V)
0,-6.7178,-1.4391,-9.7591,-9.7591,-9.7591,-9.7591,-9.7591,-9.7591
1,0.1609,-4.9591,-8.7991,-9.7591,-9.7591,-9.7591,-9.7591,-9.7591
2,0.1609,-4.9591,-8.7991,-9.7591,-9.7591,-9.7591,-9.7591,-9.7591
3,0.1609,-4.9591,-8.7991,-9.7591,-9.7591,-9.7591,-9.7591,-9.7591
4,1.1209,0.1609,-9.7591,-9.7591,-9.7591,-9.7591,-9.7591,-9.7591
5,1.4409,0.1609,-9.7591,-9.7591,-9.7591,-9.7591,-9.7591,-9.7591
6,0.1609,-4.9591,-8.7991,-9.7591,-9.7591,-9.7591,-9.7591,-9.7591
7,0.1609,-4.9591,-8.7991,-9.7591,-9.7591,-9.7591,-9.7591,-9.7591
8,0.1609,-4.9591,-8.7991,-9.7591,-9.7591,-9.7591,-9.7591,-9.7591
9,0.1609,-4.9591,-8.7991,-9.7591,-9.7591,-9.7591,-9.7591,-9.7591
10,0.8009,0.1609,-9.7591,-9.7591,-9.7591,-9.7591,-9.7591,-9.7591
11,0.1609,-4.9591,-8.7991,-9.7591,-9.7591,-9.7591,-9.7591,-9.7591
12,0.1609,-4.9591,-8.7991,-9.7591,-9.7591,-9.7591,-9.7591,-9.7591
13,0.1609,-4.9591,-8.7991,-9.7591,-9.7591,-9.7591,-9.7591,-9.7591
14,1.1209,0.1609,-9.7591,-9.7591,-9.7591,-9.7591,-9.7591,-9.7591
15,1.4409,0.1609,-9.7591,-9.7591,-9.7591,-9.7591,-9.7591,-9.7591
16,0.1609,-4.9591,-8.7991,-9.7591,-9.7591,-9.7591,-9.7591,-9.7591
17,0.1609,-4.9591,-8.7991,-9.7591,-9.7591,-9.7591,-9.7591,-9.7591
18,0.1609,-4.9591,-8.7991,-9.7591,-9.7591,-9.7591,-9.7591,-9.7591
19,0.1609,-4.9591,-8.7991,-9.7591,-9.7591,-9.7591,-9.7591,-9.7591
20,1.1209,0.1609,-9.7591,-9.7591,-9.7591,-9.7591,-9.7591,-9.7591
21,0.1609,-4.9591,-8.7991,-9.7591,-9.7591,-9.7591,-9.7591,-9.7591
22,0.1609,-4.9591,-8.7991,-9.7591,-9.7591,-9.7591,-9.7591,-9.7591
23,0.1609,-4.9591,-8.7991,-9.7591,-9.7591,-9.7591,-9.7591,-9.7591
24,0.8009,0.1609,-9.7591,-9.7591,-9.7591,-9.7591,-9.7591,-9.7591
25,1.4409,0.1609,-9.7591,-9.7591,-9.7591,-9.7591,-9.7591,-9.7591
26,0.1609,-4.9591,-8.7991,-9.7591,-9.7591,-9.7591,-9.7591,-9.7591
27,0.1609,-4.9591,-8.7991,-9.7591,-9.7591,-9.7591,-9.7591,-9.7591
28,0.1609,-4.9591,-8.7991,-9.7591,-9.7591,-9.7591,-9.7591,-9.7591
29,1.1209,0.1609,-9.7591,-9.7591,-9.7591,-9.7591,-9.7591,-9.7591
30,1.1209,0.1609,-9.7591,-9.7591,-9.7591,-9.7591,-9.7591,-9.7591
31,0.1609,-4.9591,-8.7991,-9.7591,-9.7591,-9.7591,-9.7591,-9.7591
32,0.1609,-4.9591,-8.7991,-9.7591,-9.7591,-9.7591,-9.7591,-9.7591
33,0.1609,-4.9591,-8.7991,-9.7591,-9.7591,-9.7591,-9.7591,-9.7591
34,0.1609,-4.9591,-8.7991,-9.7591,-9.7591,-9.7591,-9.7591,-9.7591
35,1.1209,0.1609,-9.7591,-9.7591,-9.7591,-9.7591,-9.7591,-9.7591
36,0.1609,-4.9591,-8.7991,-9.7591,-9.7591,-9.7591,-9.7591,-9.7591
37,0.1609,-4.9591,-8.7991,-9.7591,-9.7591,-9.7591,-9.7591,-9.7591
38,0.1609,-4.9591,-8.7991,-9.7591,-9.7591,-9.7591,-9.7591,-9.7591
39,0.1609,-4.9591,-8.7991,-9.7591,-9.7591,-9.7591,-9.7591,-9.7591
40,0.8009,0.1609,-9.7591,-9.7591,-9.7591,-9.7591,-9.7591,-9.7591
41,0.1609,-4.9591,-8.7991,-9.7591,-9.7591,-9.7591,-9.7591,-9.7591
42,0.1609,-4.9591,-8.7991,-9.7591,-9.7591,-9.7591,-9.7591,-9.7591
43,0.1609,-4.9591,-8.7991,-9.7591,-9.7591,-9.7591,-9.7591,-9.7591
44,0.8009,0.1609,-9.7591,-9.7591,-9.7591,-9.7591,-9.7591,-9.7591
45,1.4409,0.1609,-9.7591,-9.7591,-9.7591,-9.7591,-9.7591,-9.7591
46,0.1609,-4.9591,-8.7991,-9.7591,-9.7591,-9.7591,-9.7591,-9.7591
47,0.1609,-4.9591,-8.7991,-9.7591,-9.7591,-9.7591,-9.7591,-9.7591
48,0.1609,-4.9591,-8.7991,-9.7591,-9.7591,-9.7591,-9.7591,-9.7591
49,1.1209,0.1609,-9.7591,-9.7591,-9.7591,-9.7591,-9.7591,-9.7591
50,1.1209,0.1609,-9.7591,-9.7591,-9.7591,-9.7591,-9.7591,-9.7591
51,0.1609,-4.9591,-8.7991,-9.7591,-9.7591,-9.7591,-9.7591,-9.7591
52,0.1609,-4.9591,-8.7991,-9.7591,-9.7591,-9.7591,-9.7591,-9.7591
53,0.1609,-4.9591,-8.7991,-9.7591,-9.7591,-9.7591,-9.7591,-9.7591
54,1.1209,0.1609,-9.7591,-9.7591,-9.7591,-9.7591,-9.7591,-9.7591
55,1.4409,0.1609,-9.7591,-9.7591,-9.7591,-9.7591,-9.7591,-9.7591
56,0.1609,-4.9591,-8.7991,-9.7591,-9.7591,-9.7591,-9.7591,-9.7591
57,0.1609,-4.9591,-8.7991,-9.7591,-9.7591,-9.7591,-9.7591,-9.7591
58,0.1609,-4.9591,-8.7991,-9.7591,-9.7591,-9.7591,-9.7591,-9.7591
59,0.1609,-4.9591,-8.7991,-9.7591,-9.7591,-9.7591,-9.7591,-9.7591
60,0.8009,0.1609,-9.7591,-9.7591,-9.7591,-9.7591,-9.7591,-9.7591
61,0.1609,-4.9591,-8.7991,-9.7591,-9.7591,-9.7591,-9.7591,-9.7591
62,0.1609,-4.9591,-8.7991,-9.7591,-9.7591,-9.7591,-9.7591,-9.7591
63,0.1609,-4.9591,-8.7991,-9.7591,-9.7591,-9.7591,-9.7591,-9.7591
64,0.1609,-4.9591,-8.7991,-9.7591,-9.7591,-9.7591,-9.7591,-9.7591
65,1.1209,0.1609,-9.7591,-9.7591,-9.7591,-9.7591,-9.7591,-9.7591
66,0.1609,-4.9591,-8.7991,-9.7591,-9.7591,-9.7591,-9.7591,-9.7591
67,0.1609,-4.9591,-8.7991,-9.7591,-9.7591,-9.7591,-9.7591,-9.7591
68,0.1609,-4.9591,-8.7991,-9.7591,-9.7591,-9.7591,-9.7591,-9.7591
69,0.1609,-4.9591,-8.7991,-9.7591,-9.7591,-9.7591,-9.7591,-9.7591
70,0.8009,0.1609,-9.7591,-9.7591,-9.7591,-9.7591,-9.7591,-9.7591
71,0.1609,-4.9591,-8.7991,-9.7591,-9.7591,-9.7591,-9.7591,-9.7591
72,0.1609,-4.9591,-8.7991,-9.7591,-9.7591,-9.7591,-9.7591,-9.7591
73,0.1609,-4.9591,-8.7991,-9.7591,-9.7591,-9.7591,-9.7591,-9.7591
74,0.1609,-4.9591,-8.7991,-9.7591,-9.7591,-9.7591,-9.7591,-9.7591
75,1.1209,0.1609,-9.7591,-9.7591,-9.7591,-9.7591,-9.7591,-9.7591
76,0.1609,-4.9591,-8.7991,-9.7591,-9.7591,-9.7591,-9.7591,-9.7591
77,0.1609,-4.9591,-8.7991,-9.7591,-9.7591,-9.7591,-9.7591,-9.7591
78,0.1609,-4.9591,-8.7991,-9.7591,-9.7591,-9.7591,-9.7591,-9.7591
79,1.1209,0.1609,-9.7591,-9.7591,-9.7591,-9.7591,-9.7591,-9.7591
80,1.1209,0.1609,-9.7591,-9.7591,-9.7591,-9.7591,-9.7591,-9.7591
81,0.1609,-4.9591,-8.7991,-9.7591,-9.7591,-9.7591,-9.7591,-9.7591
82,0.1609,-4.9591,-8.7991,-9.7591,-9.7591,-9.7591,-9.7591,-9.7591
83,0.1609,-4.9591,-8.7991,-9.7591,-9.7591,-9.7591,-9.7591,-9.7591
84,0.1609,-4.9591,-8.7991,-9.7591,-9.7591,-9.7591,-9.7591,-9.7591
85,0.8009,0.1609,-9.7591,-9.7591,-9.7591,-9.7591,-9.7591,-9.7591
86,0.1609,-4.9591,-8.7991,-9.7591,-9.7591,-9.7591,-9.7591,-9.7591
87,0.1609,-4.9591,-8.7991,-9.7591,-9.7591,-9.7591,-9.7591,-9.7591
88,0.1609,-4.9591,-8.7991,-9.7591,-9.7591,-9.7591,-9.7591,-9.7591
89,1.1209,0.1609,-9.7591,-9.7591,-9.7591,-9.7591,-9.7591,-9.7591
90,1.4409,0.1609,-9.7591,-9.7591,-9.7591,-9.7591,-9.7591,-9.7591
91,0.1609,-4.9591,-8.7991,-9.7591,-9.7591,-9.7591,-9.7591,-9.7591
92,0.1609,-4.9591,-8.7991,-9.7591,-9.7591,-9.7591,-9.7591,-9.7591
93,0.1609,-4.9591,-8.7991,-9.7591,-9.7591,-9.7591,-9.7591,-9.7591
94,1.1209,0.1609,-9.7591,-9.7591,-9.7591,-9.7591,-9.7591,-9.7591
95,1.1209,0.1609,-9.7591,-9.7591,-9.7591,-9.7591,-9.7591,-9.7591
96,0.1609,-4.9591,-8.7991,-9.7591,-9.7591,-9.7591,-9.7591,-9.7591
97,0.1609,-4.9591,-8.7991,-9.7591,-9.7591,-9.7591,-9.7591,-9.7591
98,0.1609,-4.9591,-8.7991,-9.7591,-9.7591,-9.7591,-9.7591,-9.7591
99,1.1209,0.1609,-9.7591,-9.7591,-9.7591,-9.7591,-9.7591,-9.7591
100,1.4409,0.1609,-9.7591,-9.7591,-9.7591,-9.7591,-9.7591,-9.7591
101,0.1609,-4.9591,-8.7991,-9.7591,-9.7591,-9.7591,-9.7591,-9.7591
102,0.1609,-4.9591,-8.7991,-9.7591,-9.7591,-9.7591,-9.7591,-9.7591
103,0.1609,-4.9591,-8.7991,-9.7591,-9.7591,-9.7591,-9.7591,-9.7591
104,0.8009,0.1609,-9.7591,-9.7591,-9.7591,-9.7591,-9.7591,-9.7591
105,1.4409,0.1609,-9.7591,-9.7591,-9.7591,-9.7591,-9.7591,-9.7591
106,0.1609,-4.9591,-8.7991,-9.7591,-9.7591,-9.7591,-9.7591,-9.7591
107,0.1609,-4.9591,-8.7991,-9.7591,-9.7591,-9.7591,-9.7591,-9.7591
108,0.1609,-4.9591,-8.7991,-9.7591,-9.7591,-9.7591,-9.7591,-9.7591
109,0.1609,-4.9591,-8.7991,-9.7591,-9.7591,-9.7591,-9.7591,-9.7591
110,0.8009,0.1609,-9.7591,-9.7591,-9.7591,-9.7591,-9.7591,-9.7591
111,0.1609,-4.9591,-8.7991,-9.7591,-9.7591,-9.7591,-9.7591,-9.7591
112,0.1609,-4.9591,-8.7991,-9.7591,-9.7591,-9.7591,-9.7591,-9.7591
113,0.1609,-4.9591,-8.7991,-9.7591,-9.7591,-9.7591,-9.7591,-9.7591
114,0.8009,0.1609,-9.7591,-9.7591,-9.7591,-9.7591,-9.7591,-9.7591
115,1.4409,0.1609,-9.7591,-9.7591,-9.7591,-9.7591,-9.7591,-9.7591
116,0.1609,-4.9591,-8.7991,-9.7591,-9.7591,-9.7591,-9.7591,-9.7591
117,0.1609,-4.9591,-8.7991,-9.7591,-9.7591,-9.7591,-9.7591,-9.7591
118,0.1609,-4.9591,-8.7991,-9.7591,-9.7591,-9.7591,-9.7591,-9.7591
119,0.1609,-4.9591,-8.7991,-9.7591,-9.7591,-9.7591,-9.7591,-9.7591
120,1.1209,0.1609,-9.7591,-9.7591,-9.7591,-9.7591,-9.7591,-9.7591
121,0.1609,-4.9591,-8.7991,-9.7591,-9.7591,-9.7591,-9.7591,-9.7591
122,0.1559,-4.9591,-8.7991,-9.7591,-9.7591,-9.7591,-9.7591,-9.7591
123,0.1609,-4.9591,-8.7991,-9.7591,-9.7591,-9.7591,-9.7591,-9.7591
124,0.1609,-4.9591,-8.7991,-9.7591,-9.7591,-9.7591,-9.7591,-9.7591
125,0.8009,0.1609,-9.7591,-9.7591,-9.7591,-9.7591,-9.7591,-9.7591
126,0.1609,-4.9591,-8.7991,-9.7591,-9.7591,-9.7591,-9.7591,-9.7591
127,0.1609,-4.9591,-8.7991,-9.7591,-9.7591,-9.7591,-9.7591,-9.7591
128,0.1609,-4.9591,-8.7991,-9.7591,-9.7591,-9.7591,-9.7591,-9.7591
129,1.1209,0.1609,-9.7591,-9.7591,-9.7591,-9.7591,-9.7591,-9.7591
130,1.1209,0.1609,-9.7591,-9.7591,-9.7591,-9.7591,-9.7591,-9.7591
131,0.1609,-4.9591,-8.7991,-9.7591,-9.7591,-9.7591,-9.7591,-9.7591
132,0.1609,-4.9591,-8.7991,-9.7591,-9.7591,-9.7591,-9.7591,-9.7591
133,0.1609,-4.9591,-8.7991,-9.7591,-9.7591,-9.7591,-9.7591,-9.7591
134,0.8009,0.1609,-9.7591,-9.7591,-9.7591,-9.7591,-9.7591,-9.7591
135,1.4409,0.1609,-9.7591,-9.7591,-9.7591,-9.7591,-9.7591,-9.7591
136,0.1609,-4.9591,-8.7991,-9.7591,-9.7591,-9.7591,-9.7591,-9.7591
137,0.1609,-4.9591,-8.7991,-9.7591,-9.7591,-9.7591,-9.7591,-9.7591
138,0.1609,-4.9591,-8.7991,-9.7591,-9.7591,-9.7591,-9.7591,-9.7591
139,0.1609,-4.9591,-8.7991,-9.7591,-9.7591,-9.7591,-9.7591,-9.7591
140,1.1209,0.1609,-9.7591,-9.7591,-9.7591,-9.7591,-9.7591,-9.7591
141,0.1609,-4.9591,-8.7991,-9.7591,-9.7591,-9.7591,-9.7591,-9.7591
142,0.1609,-4.9591,-8.7991,-9.7591,-9.7591,-9.7591,-9.7591,-9.7591
143,0.1609,-4.9591,-8.7991,-9.7591,-9.7591,-9.7591,-9.7591,-9.7591
144,1.1209,0.1609,-9.7591,-9.7591,-9.7591,-9.7591,-9.7591,-9.7591
145,1.4409,0.1609,-9.7591,-9.7591,-9.7591,-9.7591,-9.7591,-9.7591
146,0.1609,-4.9591,-8.7991,-9.7591,-9.7591,-9.7591,-9.7591,-9.7591
147,0.1609,-4.9591,-8.7991,-9.7591,-9.7591,-9.7591,-9.7591,-9.7591
148,0.1609,-4.9591,-8.7991,-9.7591,-9.7591,-9.7591,-9.7591,-9.7591
149,1.1209,0.1609,-9.7591,-9.7591,-9.7591,-9.7591,-9.7591,-9.7591
150,1.1209,0.1609,-9.7591,-9.7591,-9.7591,-9.7591,-9.7591,-9.7591
151,0.1609,-4.9591,-8.7991,-9.7591,-9.7591,-9.7591,-9.7591,-9.7591
152,0.1609,-4.9591,-8.7991,-9.7591,-9.7591,-9.7591,-9.7591,-9.7591
153,0.1609,-4.9591,-8.7991,-9.7591,-9.7591,-9.7591,-9.7591,-9.7591
154,0.8009,0.1609,-9.7591,-9.7591,-9.7591,-9.7591,-9.7591,-9.7591
155,1.1209,0.1609,-9.7591,-9.7591,-9.7591,-9.7591,-9.7591,-9.7591
156,0.1609,-4.9591,-8.7991,-9.7591,-9.7591,-9.7591,-9.7591,-9.7591
157,0.1609,-4.9591,-8.7991,-9.7591,-9.7591,-9.7591,-9.7591,-9.7591
158,0.1609,-4.9591,-8.7991,-9.7591,-9.7591,-9.7591,-9.7591,-9.7591
159,0.1609,-4.9591,-8.7991,-9.7591,-9.7591,-9.7591,-9.7591,-9.7591
160,1.1209,0.1609,-9.7591,-9.7591,-9.7591,-9.7591,-9.7591,-9.7591
161,0.1609,-4.9591,-8.7991,-9.7591,-9.7591,-9.7591,-9.7591,-9.7591
162,0.1534,-4.9591,-8.7991,-9.7591,-9.7591,-9.7591,-9.7591,-9.7591
163,0.1609,-4.9591,-8.7991,-9.7591,-9.7591,-9.7591,-9.7591,-9.7591
164,0.1609,-4.9591,-8.7991,-9.7591,-9.7591,-9.7591,-9.7591,-9.7591
165,0.8009,0.1609,-9.7591,-9.7591,-9.7591,-9.7591,-9.7591,-9.7591
166,0.1609,-4.9591,-8.7991,-9.7591,-9.7591,-9.7591,-9.7591,-9.7591
167,0.1472,-4.9591,-8.7991,-9.7591,-9.7591,-9.7591,-9.7591,-9.7591
168,0.1609,-4.9591,-8.7991,-9.7591,-9.7591,-9.7591,-9.7591,-9.7591
169,0.1609,-4.9591,-8.7991,-9.7591,-9.7591,-9.7591,-9.7591,-9.7591
170,1.1209,0.1609,-9.7591,-9.7591,-9.7591,-9.7591,-9.7591,-9.7591
171,0.1609,-4.9591,-8.7991,-9.7591,-9.7591,-9.7591,-9.7591,-9.7591
172,0.1534,-4.9591,-8.7991,-9.7591,-9.7591,-9.7591,-9.7591,-9.7591
173,0.1609,-4.9591,-8.7991,-9.7591,-9.7591,-9.7591,-9.7591,-9.7591
174,1.1209,0.1609,-9.7591,-9.7591,-9.7591,-9.7591,-9.7591,-9.7591
175,1.1209,0.1609,-9.7591,-9.7591,-9.7591,-9.7591,-9.7591,-9.7591
176,0.1609,-4.9591,-8.7991,-9.7591,-9.7591,-9.7591,-9.7591,-9.7591
177,0.1438,-4.9591,-8.7991,-9.7591,-9.7591,-9.7591,-9.7591,-9.7591
178,0.1609,-4.9591,-8.7991,-9.7591,-9.7591,-9.7591,-9.7591,-9.7591
179,0.8009,0.1609,-9.7591,-9.7591,-9.7591,-9.7591,-9.7591,-9.7591
180,1.4409,0.1609,-9.7591,-9.7591,-9.7591,-9.7591,-9.7591,-9.7591
181,0.1609,-4.9591,-8.7991,-9.7591,-9.7591,-9.7591,-9.7591,-9.7591
182,0.1547,-4.9591,-8.7991,-9.7591,-9.7591,-9.7591,-9.7591,-9.7591
183,0.1609,-4.9591,-8.7991,-9.7591,-9.7591,-9.7591,-9.7591,-9.7591
184,1.1209,0.1609,-9.7591,-9.7591,-9.7591,-9.7591,-9.7591,-9.7591
185,1.4409,0.1609,-9.7591,-9.7591,-9.7591,-9.7591,-9.7591,-9.7591
186,0.1609,-4.9591,-8.7991,-9.7591,-9.7591,-9.7591,-9.7591,-9.7591
187,0.1488,-4.9591,-8.7991,-9.7591,-9.7591,-9.7591,-9.7591,-9.7591
188,0.1609,-4.9591,-8.7991,-9.7591,-9.7591,-9.7591,-9.7591,-9.7591
189,0.8009,0.1609,-9.7591,-9.7591,-9.7591,-9.7591,-9.7591,-9.7591
190,1.1209,0.1609,-9.7591,-9.7591,-9.7591,-9.7591,-9.7591,-9.7591
191,0.1609,-4.9591,-8.7991,-9.7591,-9.7591,-9.7591,-9.7591,-9.7591
192,0.1547,-4.9591,-8.7991,-9.7591,-9.7591,-9.7591,-9.7591,-9.7591
193,0.1609,-4.9591,-8.7991,-9.7591,-9.7591,-9.7591,-9.7591,-9.7591
194,0.8009,0.1609,-9.7591,-9.7591,-9.7591,-9.7591,-9.7591,-9.7591
195,1.4409,0.1609,-9.7591,-9.7591,-9.7591,-9.7591,-9.7591,-9.7591
196,0.1609,-4.9591,-8.7991,-9.7591,-9.7591,-9.7591,-9.7591,-9.7591
197,0.1609,-4.9591,-8.7991,-9.7591,-9.7591,-9.7591,-9.7591,-9.7591
198,0.1609,-4.9591,-8.7991,-9.7591,-9.7591,-9.7591,-9.7591,-9.7591
199,0.8009,0.1609,-9.7591,-9.7591,-9.7591,-9.7591,-9.7591,-9.7591
200,1.1209,0.1609,-9.7591,-9.7591,-9.7591,-9.7591,-9.7591,-9.7591
201,0.1609,-4.9591,-8.7991,-9.7591,-9.7591,-9.7591,-9.7591,-9.7591
202,0.1472,-4.9591,-8.7991,-9.7591,-9.7591,-9.7591,-9.7591,-9.7591
203,0.1609,-4.9591,-8.7991,-9.7591,-9.7591,-9.7591,-9.7591,-9.7591
204,0.1609,-4.9591,-8.7991,-9.7591,-9.7591,-9.7591,-9.7591,-9.7591
205,1.1209,0.1609,-9.7591,-9.7591,-9.7591,-9.7591,-9.7591,-9.7591
206,0.1609,-4.9591,-8.7991,-9.7591,-9.7591,-9.7591,-9.7591,-9.7591
207,0.1447,-4.9591,-8.7991,-9.7591,-9.7591,-9.7591,-9.7591,-9.7591
208,0.1609,-4.9591,-8.7991,-9.7591,-9.7591,-9.7591,-9.7591,-9.7591
209,0.1609,-4.9591,-8.7991,-9.7591,-9.7591,-9.7591,-9.7591,-9.7591
210,0.8009,0.1609,-9.7591,-9.7591,-9.7591,-9.7591,-9.7591,-9.7591
211,0.1609,-4.9591,-8.7991,-9.7591,-9.7591,-9.7591,-9.7591,-9.7591
212,0.1372,-4.9591,-8.7991,-9.7591,-9.7591,-9.7591,-9.7591,-9.7591
213,0.1609,-4.9591,-8.7991,-9.7591,-9.7591,-9.7591,-9.7591,-9.7591
214,1.1209,0.1609,-9.7591,-9.7591,-9.7591,-9.7591,-9.7591,-9.7591
215,1.4409,0.1609,-9.7591,-9.7591,-9.7591,-9.7591,-9.7591,-9.7591
216,0.1609,-4.9591,-8.7991,-9.7591,-9.7591,-9.7591,-9.7591,-9.7591
217,0.1434,-4.9591,-8.7991,-9.7591,-9.7591,-9.7591,-9.7591,-9.7591
218,0.1609,-4.9591,-8.7991,-9.7591,-9.7591,-9.7591,-9.7591,-9.7591
219,0.1609,-4.9591,-8.7991,-9.7591,-9.7591,-9.7591,-9.7591,-9.7591
220,1.1209,0.1609,-9.7591,-9.7591,-9.7591,-9.7591,-9.7591,-9.7591
221,0.1609,-4.9591,-8.7991,-9.7591,-9.7591,-9.7591,-9.7591,-9.7591
222,0.1409,-4.9591,-8.7991,-9.7591,-9.7591,-9.7591,-9.7591,-9.7591
223,0.1609,-4.9591,-8.7991,-9.7591,-9.7591,-9.7591,-9.7591,-9.7591
224,0.1609,-4.9591,-8.7991,-9.7591,-9.7591,-9.7591,-9.7591,-9.7591
225,0.8009,0.1609,-9.7591,-9.7591,-9.7591,-9.7591,-9.7591,-9.7591
226,0.1609,-4.9591,-8.7991,-9.7591,-9.7591,-9.7591,-9.7591,-9.7591
227,0.1472,-4.9591,-8.7991,-9.7591,-9.7591,-9.7591,-9.7591,-9.7591
228,0.1609,-4.9591,-8.7991,-9.7591,-9.7591,-9.7591,-9.7591,-9.7591
229,0.1609,-4.9591,-8.7991,-9.7591,-9.7591,-9.7591,-9.7591,-9.7591
230,0.8009,0.1609,-9.7591,-9.7591,-9.7591,-9.7591,-9.7591,-9.7591
231,0.1609,-4.9591,-8.7991,-9.7591,-9.7591,-9.7591,-9.7591,-9.7591
232,0.1388,-4.9591,-8.7991,-9.7591,-9.7591,-9.7591,-9.7591,-9.7591
233,0.1609,-4.9591,-8.7991,-9.7591,-9.7591,-9.7591,-9.7591,-9.7591
234,0.1609,-4.9591,-8.7991,-9.7591,-9.7591,-9.7591,-9.7591,-9.7591
235,0.8009,0.1609,-9.7591,-9.7591,-9.7591,-9.7591,-9.7591,-9.7591
236,0.1609,-4.9591,-8.7991,-9.7591,-9.7591,-9.7591,-9.7591,-9.7591
237,0.1547,-4.9591,-8.7991,-9.7591,-9.7591,-9.7591,-9.7591,-9.7591
238,0.1609,-4.9591,-8.7991,-9.7591,-9.7591,-9.7591,-9.7591,-9.7591
239,1.1209,0.1609,-9.7591,-9.7591,-9.7591,-9.7591,-9.7591,-9.7591
240,1.1209,0.1609,-9.7591,-9.7591,-9.7591,-9.7591,-9.7591,-9.7591
241,0.1609,-4.9591,-8.7991,-9.7591,-9.7591,-9.7591,-9.7591,-9.7591
242,0.1334,-4.9591,-8.7991,-9.7591,-9.7591,-9.7591,-9.7591,-9.7591
243,0.1609,-4.9591,-8.7991,-9.7591,-9.7591,-9.7591,-9.7591,-9.7591
244,1.1209,0.1609,-9.7591,-9.7591,-9.7591,-9.7591,-9.7591,-9.7591
245,1.1209,0.1609,-9.7591,-9.7591,-9.7591,-9.7591,-9.7591,-9.7591
246,0.1609,-4.9591,-8.7991,-9.7591,-9.7591,-9.7591,-9.7591,-9.7591
247,0.1347,-4.9591,-8.7991,-9.7591,-9.7591,-9.7591,-9.7591,-9.7591
248,0.1609,-4.9591,-8.7991,-9.7591,-9.7591,-9.7591,-9.7591,-9.7591
249,0.8009,0.1609,-9.7591,-9.7591,-9.7591,-9.7591,-9.7591,-9.7591
250,1.4409,0.1609,-9.7591,-9.7591,-9.7591,-9.7591,-9.7591,-9.7591
251,0.1609,-4.9591,-8.7991,-9.7591,-9.7591,-9.7591,-9.7591,-9.7591
252,0.1334,-4.9591,-8.7991,-9.7591,-9.7591,-9.7591,-9.7591,-9.7591
253,0.1609,-4.9591,-8.7991,-9.7591,-9.7591,-9.7591,-9.7591,-9.7591
254,1.1209,0.1609,-9.7591,-9.7591,-9.7591,-9.7591,-9.7591,-9.7591
255,1.4409,0.1609,-9.7591,-9.7591,-9.7591,-9.7591,-9.7591,-9.7591
256,0.1609,-4.9591,-8.7991,-9.7591,-9.7591,-9.7591,-9.7591,-9.7591
257,0.1209,-4.9591,-8.7991,-9.7591,-9.7591,-9.7591,-9.7591,-9.7591
258,0.1609,-4.9591,-8.7991,-9.7591,-9.7591,-9.7591,-9.7591,-9.7591
259,1.1209,0.1609,-9.7591,-9.7591,-9.7591,-9.7591,-9.7591,-9.7591
260,1.1209,0.1609,-9.7591,-9.7591,-9.7591,-9.7591,-9.7591,-9.7591
261,0.1609,-4.9591,-8.7991,-9.7591,-9.7591,-9.7591,-9.7591,-9.7591
262,0.1209,-4.9591,-8.7991,-9.7591,-9.7591,-9.7591,-9.7591,-9.7591
263,0.1609,-4.9591,-8.7991,-9.7591,-9.7591,-9.7591,-9.7591,-9.7591
264,1.1209,0.1609,-9.7591,-9.7591,-9.7591,-9.7591,-9.7591,-9.7591
265,1.4409,0.1609,-9.7591,-9.7591,-9.7591,-9.7591,-9.7591,-9.7591
266,0.1609,-4.9591,-8.7991,-9.7591,-9.7591,-9.7591,-9.7591,-9.7591
267,0.1209,-4.9591,-8.7991,-9.7591,-9.7591,-9.7591,-9.7591,-9.7591
268,0.1609,-4.9591,-8.7991,-9.7591,-9.7591,-9.7591,-9.7591,-9.7591
269,1.1209,0.1609,-9.7591,-9.7591,-9.7591,-9.7591,-9.7591,-9.7591
270,1.1209,0.1609,-9.7591,-9.7591,-9.7591,-9.7591,-9.7591,-9.7591
271,0.1609,-4.9591,-8.7991,-9.7591,-9.7591,-9.7591,-9.7591,-9.7591
272,0.1288,-4.9591,-8.7991,-9.7591,-9.7591,-9.7591,-9.7591,-9.7591
273,0.1609,-4.9591,-8.7991,-9.7591,-9.7591,-9.7591,-9.7591,-9.7591
274,0.1609,-4.9591,-8.7991,-9.7591,-9.7591,-9.7591,-9.7591,-9.7591
275,1.1209,0.1609,-9.7591,-9.7591,-9.7591,-9.7591,-9.7591,-9.7591
276,0.1609,-4.9591,-8.7991,-9.7591,-9.7591,-9.7591,-9.7591,-9.7591
277,0.1209,-4.9591,-8.7991,-9.7591,-9.7591,-9.7591,-9.7591,-9.7591
278,0.1609,-4.9591,-8.7991,-9.7591,-9.7591,-9.7591,-9.7591,-9.7591
279,1.1209,0.1609,-9.7591,-9.7591,-9.7591,-9.7591,-9.7591,-9.7591
280,1.4409,0.1609,-9.7591,-9.7591,-9.7591,-9.7591,-9.7591,-9.7591
281,0.1609,-4.9591,-8.7991,-9.7591,-9.7591,-9.7591,-9.7591,-9.7591
282,0.1209,-4.9591,-8.7991,-9.7591,-9.7591,-9.7591,-9.7591,-9.7591
283,0.1609,-4.9591,-8.7991,-9.7591,-9.7591,-9.7591,-9.7591,-9.7591
284,0.1609,-4.9591,-8.7991,-9.7591,-9.7591,-9.7591,-9.7591,-9.7591
285,1.1209,0.1609,-9.7591,-9.7591,-9.7591,-9.7591,-9.7591,-9.7591
286,0.1609,-4.9591,-8.7991,-9.7591,-9.7591,-9.7591,-9.7591,-9.7591
287,0.1209,-4.9591,-8.7991,-9.7591,-9.7591,-9.7591,-9.7591,-9.7591
288,0.1609,-4.9591,-8.7991,-9.7591,-9.7591,-9.7591,-9.7591,-9.7591
289,1.1209,0.1609,-9.7591,-9.7591,-9.7591,-9.7591,-9.7591,-9.7591
290,1.1209,0.1609,-9.7591,-9.7591,-9.7591,-9.7591,-9.7591,-9.7591
291,0.1609,-4.9591,-8.7991,-9.7591,-9.7591,-9.7591,-9.7591,-9.7591
292,0.1122,-4.9591,-8.7991,-9.7591,-9.7591,-9.7591,-9.7591,-9.7591
293,0.1609,-4.9591,-8.7991,-9.7591,-9.7591,-9.7591,-9.7591,-9.7591
294,0.8009,0.1609,-9.7591,-9.7591,-9.7591,-9.7591,-9.7591,-9.7591
295,1.1209,0.1609,-9.7591,-9.7591,-9.7591,-9.7591,-9.7591,-9.7591
296,0.1609,-4.9591,-8.7991,-9.7591,-9.7591,-9.7591,-9.7591,-9.7591
297,0.1209,-4.9591,-8.7991,-9.7591,-9.7591,-9.7591,-9.7591,-9.7591
298,0.1609,-4.9591,-8.7991,-9.7591,-9.7591,-9.7591,-9.7591,-9.7591
299,0.1609,-4.9591,-8.7991,-9.7591,-9.7591,-9.7591,-9.7591,-9.7591
300,0.8009,0.1609,-9.7591,-9.7591,-9.7591,-9.7591,-9.7591,-9.7591
301,0.1609,-4.9591,-8.7991,-9.7591,-9.7591,-9.7591,-9.7591,-9.7591
302,0.1097,-4.9591,-8.7991,-9.7591,-9.7591,-9.7591,-9.7591,-9.7591
303,0.1609,-4.9591,-8.7991,-9.7591,-9.7591,-9.7591,-9.7591,-9.7591
304,0.8009,0.1609,-9.7591,-9.7591,-9.7591,-9.7591,-9.7591,-9.7591
305,1.4409,0.1609,-9.7591,-9.7591,-9.7591,-9.7591,-9.7591,-9.7591
306,0.1609,-4.9591,-8.7991,-9.7591,-9.7591,-9.7591,-9.7591,-9.7591
307,0.1109,-4.9591,-8.7991,-9.7591,-9.7591,-9.7591,-9.7591,-9.7591
308,0.1609,-4.9591,-8.7991,-9.7591,-9.7591,-9.7591,-9.7591,-9.7591
309,1.1209,0.1609,-9.7591,-9.7591,-9.7591,-9.7591,-9.7591,-9.7591
310,1.1209,0.1609,-9.7591,-9.7591,-9.7591,-9.7591,-9.7591,-9.7591
311,0.1609,-4.9591,-8.7991,-9.7591,-9.7591,-9.7591,-9.7591,-9.7591
312,0.1109,-4.9591,-8.7991,-9.7591,-9.7591,-9.7591,-9.7591,-9.7591
313,0.1609,-4.9591,-8.7991,-9.7591,-9.7591,-9.7591,-9.7591,-9.7591
314,0.8009,0.1609,-9.7591,-9.7591,-9.7591,-9.7591,-9.7591,-9.7591
315,1.4409,0.1609,-9.7591,-9.7591,-9.7591,-9.7591,-9.7591,-9.7591
316,0.1609,-4.9591,-8.7991,-9.7591,-9.7591,-9.7591,-9.7591,-9.7591
317,0.1147,-4.9591,-8.7991,-9.7591,-9.7591,-9.7591,-9.7591,-9.7591
318,0.1609,-4.9591,-8.7991,-9.7591,-9.7591,-9.7591,-9.7591,-9.7591
319,1.1209,0.1609,-9.7591,-9.7591,-9.7591,-9.7591,-9.7591,-9.7591
320,1.1209,0.1609,-9.7591,-9.7591,-9.7591,-9.7591,-9.7591,-9.7591
321,0.1609,-4.9591,-8.7991,-9.7591,-9.7591,-9.7591,-9.7591,-9.7591
322,0.1122,-4.9591,-8.7991,-9.7591,-9.7591,-9.7591,-9.7591,-9.7591
323,0.1609,-4.9591,-8.7991,-9.7591,-9.7591,-9.7591,-9.7591,-9.7591
324,0.8009,0.1609,-9.7591,-9.7591,-9.7591,-9.7591,-9.7591,-9.7591
325,1.4409,0.1609,-9.7591,-9.7591,-9.7591,-9.7591,-9.7591,-9.7591
326,0.1609,-4.9591,-8.7991,-9.7591,-9.7591,-9.7591,-9.7591,-9.7591
327,0.1059,-4.9591,-8.7991,-9.7591,-9.7591,-9.7591,-9.7591,-9.7591
328,0.1609,-4.9591,-8.7991,-9.7591,-9.7591,-9.7591,-9.7591,-9.7591
329,0.8009,0.1609,-9.7591,-9.7591,-9.7591,-9.7591,-9.7591,-9.7591
330,1.1209,0.1609,-9.7591,-9.7591,-9.7591,-9.7591,-9.7591,-9.7591
331,0.1609,-4.9591,-8.7991,-9.7591,-9.7591,-9.7591,-9.7591,-9.7591
332,0.1088,-4.9591,-8.7991,-9.7591,-9.7591,-9.7591,-9.7591,-9.7591
333,0.1609,-4.9591,-8.7991,-9.7591,-9.7591,-9.7591,-9.7591,-9.7591
334,0.1609,-4.9591,-8.7991,-9.7591,-9.7591,-9.7591,-9.7591,-9.7591
335,1.1209,0.1609,-9.7591,-9.7591,-9.7591,-9.7591,-9.7591,-9.7591
336,0.1609,-4.9591,-8.7991,-9.7591,-9.7591,-9.7591,-9.7591,-9.7591
337,0.0984,-4.9591,-8.7991,-9.7591,-9.7591,-9.7591,-9.7591,-9.7591
338,0.1609,-4.9591,-8.7991,-9.7591,-9.7591,-9.7591,-9.7591,-9.7591
339,0.1609,-4.9591,-8.7991,-9.7591,-9.7591,-9.7591,-9.7591,-9.7591
340,0.8009,0.1609,-9.7591,-9.7591,-9.7591,-9.7591,-9.7591,-9.7591
341,0.1609,-4.9591,-8.7991,-9.7591,-9.7591,-9.7591,-9.7591,-9.7591
342,0.0997,-4.9591,-8.7991,-9.7591,-9.7591,-9.7591,-9.7591,-9.7591
343,0.1609,-4.9591,-8.7991,-9.7591,-9.7591,-9.7591,-9.7591,-9.7591
344,1.1209,0.1609,-9.7591,-9.7591,-9.7591,-9.7591,-9.7591,-9.7591
345,1.1209,0.1609,-9.7591,-9.7591,-9.7591,-9.7591,-9.7591,-9.7591
346,0.1609,-4.9591,-8.7991,-9.7591,-9.7591,-9.7591,-9.7591,-9.7591
347,0.0947,-4.9591,-8.7991,-9.7591,-9.7591,-9.7591,-9.7591,-9.7591
348,0.1609,-4.9591,-8.7991,-9.7591,-9.7591,-9.7591,-9.7591,-9.7591
349,0.1609,-4.9591,-8.7991,-9.7591,-9.7591,-9.7591,-9.7591,-9.7591
350,1.1209,0.1609,-9.7591,-9.7591,-9.7591,-9.7591,-9.7591,-9.7591
351,0.1609,-4.9591,-8.7991,-9.7591,-9.7591,-9.7591,-9.7591,-9.7591
352,0.0809,-4.9591,-8.7991,-9.7591,-9.7591,-9.7591,-9.7591,-9.7591
353,0.1609,-4.9591,-8.7991,-9.7591,-9.7591,-9.7591,-9.7591,-9.7591
354,0.8009,0.1609,-9.7591,-9.7591,-9.7591,-9.7591,-9.7591,-9.7591
355,1.1209,0.1609,-9.7591,-9.7591,-9.7591,-9.7591,-9.7591,-9.7591
356,0.1609,-4.9591,-8.7991,-9.7591,-9.7591,-9.7591,-9.7591,-9.7591
357,0.0959,-4.9591,-8.7991,-9.7591,-9.7591,-9.7591,-9.7591,-9.7591
358,0.1609,-4.9591,-8.7991,-9.7591,-9.7591,-9.7591,-9.7591,-9.7591
359,0.1609,-4.9591,-8.7991,-9.7591,-9.7591,-9.7591,-9.7591,-9.7591
360,0.8009,0.1609,-9.7591,-9.7591,-9.7591,-9.7591,-9.7591,-9.7591
361,0.1609,-4.9591,-8.7991,-9.7591,-9.7591,-9.7591,-9.7591,-9.7591
362,0.0809,-4.9591,-8.7991,-9.7591,-9.7591,-9.7591,-9.7591,-9.7591
363,0.1609,-4.9591,-8.7991,-9.7591,-9.7591,-9.7591,-9.7591,-9.7591
364,0.1609,-4.9591,-8.7991,-9.7591,-9.7591,-9.7591,-9.7591,-9.7591
365,0.8009,0.1609,-9.7591,-9.7591,-9.7591,-9.7591,-9.7591,-9.7591
366,0.1609,-4.9591,-8.7991,-9.7591,-9.7591,-9.7591,-9.7591,-9.7591
367,0.1009,-4.9591,-8.7991,-9.7591,-9.7591,-9.7591,-9.7591,-9.7591
368,0.1609,-4.9591,-8.7991,-9.7591,-9.7591,-9.7591,-9.7591,-9.7591
369,1.1209,0.1609,-9.7591,-9.7591,-9.7591,-9.7591,-9.7591,-9.7591
370,1.1209,0.1609,-9.7591,-9.7591,-9.7591,-9.7591,-9.7591,-9.7591
371,0.1609,-4.9591,-8.7991,-9.7591,-9.7591,-9.7591,-9.7591,-9.7591
372,0.0934,-4.9591,-8.7991,-9.7591,-9.7591,-9.7591,-9.7591,-9.7591
373,0.1609,-4.9591,-8.7991,-9.7591,-9.7591,-9.7591,-9.7591,-9.7591
374,1.1209,0.1609,-9.7591,-9.7591,-9.7591,-9.7591,-9.7591,-9.7591
375,1.1209,0.1609,-9.7591,-9.7591,-9.7591,-9.7591,-9.7591,-9.7591
376,0.1609,-4.9591,-8.7991,-9.7591,-9.7591,-9.7591,-9.7591,-9.7591
377,0.0809,-4.9591,-8.7991,-9.7591,-9.7591,-9.7591,-9.7591,-9.7591
378,0.1609,-4.9591,-8.7991,-9.7591,-9.7591,-9.7591,-9.7591,-9.7591
379,1.1209,0.1609,-9.7591,-9.7591,-9.7591,-9.7591,-9.7591,-9.7591
380,1.1209,0.1609,-9.7591,-9.7591,-9.7591,-9.7591,-9.7591,-9.7591
381,0.1609,-4.9591,-8.7991,-9.7591,-9.7591,-9.7591,-9.7591,-9.7591
382,0.0947,-4.9591,-8.7991,-9.7591,-9.7591,-9.7591,-9.7591,-9.7591
383,0.1609,-4.9591,-8.7991,-9.7591,-9.7591,-9.7591,-9.7591,-9.7591
384,0.1609,-4.9591,-8.7991,-9.7591,-9.7591,-9.7591,-9.7591,-9.7591
385,0.8009,0.1609,-9.7591,-9.7591,-9.7591,-9.7591,-9.7591,-9.7591
386,0.1609,-4.9591,-8.7991,-9.7591,-9.7591,-9.7591,-9.7591,-9.7591
387,0.0891,-4.9591,-8.7991,-9.7591,-9.7591,-9.7591,-9.7591,-9.7591
388,0.1609,-4.9591,-8.7991,-9.7591,-9.7591,-9.7591,-9.7591,-9.7591
389,1.1209,0.1609,-9.7591,-9.7591,-9.7591,-9.7591,-9.7591,-9.7591
390,1.4409,0.1609,-9.7591,-9.7591,-9.7591,-9.7591,-9.7591,-9.7591
391,0.1609,-4.9591,-8.7991,-9.7591,-9.7591,-9.7591,-9.7591,-9.7591
392,0.0797,-4.9591,-8.7991,-9.7591,-9.7591,-9.7591,-9.7591,-9.7591
393,0.1609,-4.9591,-8.7991,-9.7591,-9.7591,-9.7591,-9.7591,-9.7591
394,1.1209,0.1609,-9.7591,-9.7591,-9.7591,-9.7591,-9.7591,-9.7591
395,1.1209,0.1609,-9.7591,-9.7591,-9.7591,-9.7591,-9.7591,-9.7591
396,0.1609,-4.9591,-8.7991,-9.7591,-9.7591,-9.7591,-9.7591,-9.7591
397,0.0784,-4.9591,-8.7991,-9.7591,-9.7591,-9.7591,-9.7591,-9.7591
398,0.1609,-4.9591,-8.7991,-9.7591,-9.7591,-9.7591,-9.7591,-9.7591
399,1.1209,0.1609,-9.7591,-9.7591,-9.7591,-9.7591,-9.7591,-9.7591
400,1.4409,0.1609,-9.7591,-9.7591,-9.7591,-9.7591,-9.7591,-9.7591
401,0.1609,-4.9591,-8.7991,-9.7591,-9.7591,-9.7591,-9.7591,-9.7591
402,0.0809,-4.9591,-8.7991,-9.7591,-9.7591,-9.7591,-9.7591,-9.7591
403,0.1609,-4.9591,-8.7991,-9.7591,-9.7591,-9.7591,-9.7591,-9.7591
404,0.1609,-4.9591,-8.7991,-9.7591,-9.7591,-9.7591,-9.7591,-9.7591
405,1.1209,0.1609,-9.7591,-9.7591,-9.7591,-9.7591,-9.7591,-9.7591
406,0.1609,-4.9591,-8.7991,-9.7591,-9.7591,-9.7591,-9.7591,-9.7591
407,0.0809,-4.9591,-8.7991,-9.7591,-9.7591,-9.7591,-9.7591,-9.7591
408,0.1609,-4.9591,-8.7991,-9.7591,-9.7591,-9.7591,-9.7591,-9.7591
409,0.1609,-4.9591,-8.7991,-9.7591,-9.7591,-9.7591,-9.7591,-9.7591
410,1.1209,0.1609,-9.7591,-9.7591,-9.7591,-9.7591,-9.7591,-9.7591
411,0.1609,-4.9591,-8.7991,-9.7591,-9.7591,-9.7591,-9.7591,-9.7591
412,0.0809,-4.9591,-8.7991,-9.7591,-9.7591,-9.7591,-9.7591,-9.7591
413,0.1609,-4.9591,-8.7991,-9.7591,-9.7591,-9.7591,-9.7591,-9.7591
414,1.1209,0.1609,-9.7591,-9.7591,-9.7591,-9.7591,-9.7591,-9.7591
415,1.4409,0.1609,-9.7591,-9.7591,-9.7591,-9.7591,-9.7591,-9.7591
416,0.1609,-4.9591,-8.7991,-9.7591,-9.7591,-9.7591,-9.7591,-9.7591
417,0.0747,-4.9591,-8.7991,-9.7591,-9.7591,-9.7591,-9.7591,-9.7591
418,0.1609,-4.9591,-8.7991,-9.7591,-9.7591,-9.7591,-9.7591,-9.7591
419,1.1209,0.1609,-9.7591,-9.7591,-9.7591,-9.7591,-9.7591,-9.7591
420,1.1209,0.1609,-9.7591,-9.7591,-9.7591,-9.7591,-9.7591,-9.7591
421,0.1609,-4.9591,-8.7991,-9.7591,-9.7591,-9.7591,-9.7591,-9.7591
422,0.0709,-4.9591,-8.7991,-9.7591,-9.7591,-9.7591,-9.7591,-9.7591
423,0.1609,-4.9591,-8.7991,-9.7591,-9.7591,-9.7591,-9.7591,-9.7591
424,0.1609,-4.9591,-8.7991,-9.7591,-9.7591,-9.7591,-9.7591,-9.7591
425,1.1209,0.1609,-9.7591,-9.7591,-9.7591,-9.7591,-9.7591,-9.7591
426,0.1609,-4.9591,-8.7991,-9.7591,-9.7591,-9.7591,-9.7591,-9.7591
427,0.0809,-4.9591,-8.7991,-9.7591,-9.7591,-9.7591,-9.7591,-9.7591
428,0.1609,-4.9591,-8.7991,-9.7591,-9.7591,-9.7591,-9.7591,-9.7591
429,0.8009,0.1609,-9.7591,-9.7591,-9.7591,-9.7591,-9.7591,-9.7591
430,1.4409,0.1609,-9.7591,-9.7591,-9.7591,-9.7591,-9.7591,-9.7591
431,0.1609,-4.9591,-8.7991,-9.7591,-9.7591,-9.7591,-9.7591,-9.7591
432,0.0409,-4.9591,-8.7991,-9.7591,-9.7591,-9.7591,-9.7591,-9.7591
433,0.1609,-4.9591,-8.7991,-9.7591,-9.7591,-9.7591,-9.7591,-9.7591
434,0.8009,0.1609,-9.7591,-9.7591,-9.7591,-9.7591,-9.7591,-9.7591
435,1.4409,0.1609,-9.7591,-9.7591,-9.7591,-9.7591,-9.7591,-9.7591
436,0.1609,-4.9591,-8.7991,-9.7591,-9.7591,-9.7591,-9.7591,-9.7591
437,0.0709,-4.9591,-8.7991,-9.7591,-9.7591,-9.7591,-9.7591,-9.7591
438,0.1609,-4.9591,-8.7991,-9.7591,-9.7591,-9.7591,-9.7591,-9.7591
439,1.1209,0.1609,-9.7591,-9.7591,-9.7591,-9.7591,-9.7591,-9.7591
440,1.1209,0.1609,-9.7591,-9.7591,-9.7591,-9.7591,-9.7591,-9.7591
441,0.1609,-4.9591,-8.7991,-9.7591,-9.7591,-9.7591,-9.7591,-9.7591
442,0.0597,-4.9591,-8.7991,-9.7591,-9.7591,-9.7591,-9.7591,-9.7591
443,0.1609,-4.9591,-8.7991,-9.7591,-9.7591,-9.7591,-9.7591,-9.7591
444,0.8009,0.1609,-9.7591,-9.7591,-9.7591,-9.7591,-9.7591,-9.7591
445,1.4409,0.1609,-9.7591,-9.7591,-9.7591,-9.7591,-9.7591,-9.7591
446,0.1609,-4.9591,-8.7991,-9.7591,-9.7591,-9.7591,-9.7591,-9.7591
447,0.0734,-4.9591,-8.7991,-9.7591,-9.7591,-9.7591,-9.7591,-9.7591
448,0.1609,-4.9591,-8.7991,-9.7591,-9.7591,-9.7591,-9.7591,-9.7591
449,1.1209,0.1609,-9.7591,-9.7591,-9.7591,-9.7591,-9.7591,-9.7591
450,1.1209,0.1609,-9.7591,-9.7591,-9.7591,-9.7591,-9.7591,-9.7591
451,0.1609,-4.9591,-8.7991,-9.7591,-9.7591,-9.7591,-9.7591,-9.7591
452,0.0709,-4.9591,-8.7991,-9.7591,-9.7591,-9.7591,-9.7591,-9.7591
453,0.1609,-4.9591,-8.7991,-9.7591,-9.7591,-9.7591,-9.7591,-9.7591
454,1.1209,0.1609,-9.7591,-9.7591,-9.7591,-9.7591,-9.7591,-9.7591
455,1.4409,0.1609,-9.7591,-9.7591,-9.7591,-9.7591,-9.7591,-9.7591
456,0.1609,-4.9591,-8.7991,-9.7591,-9.7591,-9.7591,-9.7591,-9.7591
457,0.0734,-4.9591,-8.7991,-9.7591,-9.7591,-9.7591,-9.7591,-9.7591
458,0.1609,-4.9591,-8.7991,-9.7591,-9.7591,-9.7591,-9.7591,-9.7591
459,1.1209,0.1609,-9.7591,-9.7591,-9.7591,-9.7591,-9.7591,-9.7591
460,1.1209,0.1609,-9.7591,-9.7591,-9.7591,-9.7591,-9.7591,-9.7591
461,0.1609,-4.9591,-8.7991,-9.7591,-9.7591,-9.7591,-9.7591,-9.7591
462,0.0659,-4.9591,-8.7991,-9.7591,-9.7591,-9.7591,-9.7591,-9.7591
463,0.1609,-4.9591,-8.7991,-9.7591,-9.7591,-9.7591,-9.7591,-9.7591
464,0.8009,0.1609,-9.7591,-9.7591,-9.7591,-9.7591,-9.7591,-9.7591
465,1.4409,0.1609,-9.7591,-9.7591,-9.7591,-9.7591,-9.7591,-9.7591
466,0.1609,-4.9591,-8.7991,-9.7591,-9.7591,-9.7591,-9.7591,-9.7591
467,0.0609,-4.9591,-8.7991,-9.7591,-9.7591,-9.7591,-9.7591,-9.7591
468,0.1609,-4.9591,-8.7991,-9.7591,-9.7591,-9.7591,-9.7591,-9.7591
469,0.8009,0.1609,-9.7591,-9.7591,-9.7591,-9.7591,-9.7591,-9.7591
470,1.4409,0.1609,-9.7591,-9.7591,-9.7591,-9.7591,-9.7591,-9.7591
471,0.1609,-4.9591,-8.7991,-9.7591,-9.7591,-9.7591,-9.7591,-9.7591
472,0.0638,-4.9591,-8.7991,-9.7591,-9.7591,-9.7591,-9.7591,-9.7591
473,0.1609,-4.9591,-8.7991,-9.7591,-9.7591,-9.7591,-9.7591,-9.7591
474,1.1209,0.1609,-9.7591,-9.7591,-9.7591,-9.7591,-9.7591,-9.7591
475,1.4409,0.1609,-9.7591,-9.7591,-9.7591,-9.7591,-9.7591,-9.7591
476,0.1609,-4.9591,-8.7991,-9.7591,-9.7591,-9.7591,-9.7591,-9.7591
477,0.0397,-4.9591,-8.7991,-9.7591,-9.7591,-9.7591,-9.7591,-9.7591
478,0.1609,-4.9591,-8.7991,-9.7591,-9.7591,-9.7591,-9.7591,-9.7591
479,0.8009,0.1609,-9.7591,-9.7591,-9.7591,-9.7591,-9.7591,-9.7591
480,1.4409,0.1609,-9.7591,-9.7591,-9.7591,-9.7591,-9.7591,-9.7591
481,0.1609,-4.9591,-8.7991,-9.7591,-9.7591,-9.7591,-9.7591,-9.7591
482,0.0647,-4.9591,-8.7991,-9.7591,-9.7591,-9.7591,-9.7591,-9.7591
483,0.1609,-4.9591,-8.7991,-9.7591,-9.7591,-9.7591,-9.7591,-9.7591
484,0.8009,0.1609,-9.7591,-9.7591,-9.7591,-9.7591,-9.7591,-9.7591
485,1.1209,0.1609,-9.7591,-9.7591,-9.7591,-9.7591,-9.7591,-9.7591
486,0.1609,-4.9591,-8.7991,-9.7591,-9.7591,-9.7591,-9.7591,-9.7591
487,0.0609,-4.9591,-8.7991,-9.7591,-9.7591,-9.7591,-9.7591,-9.7591
488,0.1609,-4.9591,-8.7991,-9.7591,-9.7591,-9.7591,-9.7591,-9.7591
489,1.1209,0.1609,-9.7591,-9.7591,-9.7591,-9.7591,-9.7591,-9.7591
490,1.1209,0.1609,-9.7591,-9.7591,-9.7591,-9.7591,-9.7591,-9.7591
491,0.1609,-4.9591,-8.7991,-9.7591,-9.7591,-9.7591,-9.7591,-9.7591
492,0.0559,-4.9591,-8.7991,-9.7591,-9.7591,-9.7591,-9.7591,-9.7591
493,0.1609,-4.9591,-8.7991,-9.7591,-9.7591,-9.7591,-9.7591,-9.7591
494,0.8009,0.1609,-9.7591,-9.7591,-9.7591,-9.7591,-9.7591,-9.7591
495,1.1209,0.1609,-9.7591,-9.7591,-9.7591,-9.7591,-9.7591,-9.7591
496,0.1609,-4.9591,-8.7991,-9.7591,-9.7591,-9.7591,-9.7591,-9.7591
497,0.0609,-4.9591,-8.7991,-9.7591,-9.7591,-9.7591,-9.7591,-9.7591
498,0.1609,-4.9591,-8.7991,-9.7591,-9.7591,-9.7591,-9.7591,-9.7591
499,1.1209,0.1609,-9.7591,-9.7591,-9.7591,-9.7591,-9.7591,-9.7591
500,1.1209,0.1609,-9.7591,-9.7591,-9.7591,-9.7591,-9.7591,-9.7591
501,0.1609,-4.9591,-8.7991,-9.7591,-9.7591,-9.7591,-9.7591,-9.7591
502,0.0584,-4.9591,-8.7991,-9.7591,-9.7591,-9.7591,-9.7591,-9.7591
503,0.1609,-4.9591,-8.7991,-9.7591,-9.7591,-9.7591,-9.7591,-9.7591
504,1.1209,0.1609,-9.7591,-9.7591,-9.7591,-9.7591,-9.7591,-9.7591
505,1.4409,0.1609,-9.7591,-9.7591,-9.7591,-9.7591,-9.7591,-9.7591
506,0.1609,-4.9591,-8.7991,-9.7591,-9.7591,-9.7591,-9.7591,-9.7591
507,0.0534,-4.9591,-8.7991,-9.7591,-9.7591,-9.7591,-9.7591,-9.7591
508,0.1609,-4.9591,-8.7991,-9.7591,-9.7591,-9.7591,-9.7591,-9.7591
509,0.1609,-4.9591,-8.7991,-9.7591,-9.7591,-9.7591,-9.7591,-9.7591
510,1.1209,0.1609,-9.7591,-9.7591,-9.7591,-9.7591,-9.7591,-9.7591
511,0.1609,-4.9591,-8.7991,-9.7591,-9.7591,-9.7591,-9.7591,-9.7591
=== End of History Data ===